1.57343
3.30907
6.83963
3.13859
5.4308
4.52964
1.65741
9.87263
1.85428
3.81701
5.55513
6.63812
9.75847
4.7403
3.43125
8.62449
2.40944
7.48552
9.36739
1.28338
1.47584
8.86196
2.35698
7.61849
4.44381
8.90247
2.71907
3.64181
3.84491
5.00558
9.08188
5.41835
8.31465
5.92151
8.55693
3.74545
0.451153
0.214342
3.61808
2.30544
4.03135
9.1732
8.94355
3.78982
3.91351
2.3748
2.41431
6.32294
9.86032
1.78169
7.60633
1.33615
0.643659
9.9633
8.95465
5.08747
8.86577
1.67372
8.72928
2.71069
6.6793
7.81116
8.12903
4.99395
3.73267
6.68597
8.7394
4.18382
6.90031
2.35748
6.48925
0.931661
1.53068
5.43281
4.72148
5.44419
7.80761
7.13579
1.76713
7.66792
8.91748
9.37345
9.00408
9.56114
9.33676
7.95873
4.64861
8.20253
9.63245
3.37789
0.913219
6.31174
1.18905
9.04225
1.30569
4.92172
5.72822
0.0450908
9.10554
2.62853
2.40257
5.59479
3.56019
3.93325
1.0276
8.28167
9.37743
8.83521
5.41746
1.14456
6.50313
4.33494
0.518016
5.50721
3.89608
9.85477
3.46593
8.54469
8.05731
3.09838
1.92258
8.97052
9.41013
3.11163
8.01278
0.715819
8.03335
3.741
0.76091
7.13889
6.36953
3.16348
2.73368
9.92972
7.09672
3.76127
8.21139
6.47416
2.59648
3.62885
7.61872
9.09961
7.96378
8.13673
4.60682
1.85986
7.99151
8.07275
0.40455
6.04881
1.17113
2.32713
5.01934
0.58126
5.43876
3.03211
1.29708
3.47211
6.77311
2.05799
0.610999
3.14264
5.22147
3.34468
3.07236
2.31819
7.10595
1.28375
8.79234
9.70243
4.91259
6.41106
8.80204
2.87638
4.54779
3.40885
4.73624
2.5393
1.4816
5.14079
8.58811
2.65274
7.46792
3.60745
3.234
2.90668
6.63956
4.53108
6.3788
3.41268
6.58907
6.9898
6.55532
1.81053
0.334473
9.62768
4.12872
7.44042
0.911424
2.92106
7.14285
5.82402
9.33212
5.94489
8.7004
3.87992
9.35374
3.43664
6.41922
0.835347
8.57743
5.00733
3.48808
6.04535
8.61478
6.72208
8.95204
5.25434
1.25316
5.33083
8.66701
7.84222
2.32063
5.22233
9.65275
2.65511
4.85001
3.78147
0.0955287
5.76143
6.70253
7.23838
1.58545
6.03465
3.18327
0.285846
9.91457
2.53702
3.72248
6.33379
3.37236
2.29991
1.34111
6.86045
8.34527
9.95589
3.58253
7.2973
5.21023
4.83568
2.62814
3.87724
2.67791
4.94877
9.09957
2.33066
7.60387
3.94957
6.11213
7.6994
9.711
2.81466
4.93778
1.29645
8.84931
8.12106
1.5823
8.76388
0.658072
5.30478
5.09767
4.03044
7.6047
6.43878
0.890881
5.94996
6.39467
4.47341
3.24726
1.6049
9.30909
5.8754
5.48214
1.987
0.82417
4.5817
4.31766
8.42804
8.53128
0.429784
6.12745
8.24228
3.24444
1.06523
9.53873
2.09376
9.18629
1.12103
0.857643
9.84436
6.42581
5.95531
3.8748
4.0305
2.39409
4.76568
9.98046
8.78876
9.23909
3.22773
0.393661
8.54818
9.10313
5.8758
0.535176
9.9273
0.457501
4.85283
8.35534
8.98878
5.28262
4.48279
7.23106
8.52706
5.54802
6.76979
0.620819
4.73431
7.89082
1.47846
4.57867
4.31662
7.43377
8.45347
8.34712
9.82787
3.21915
8.32759
8.61663
2.45823
1.55532
9.01029
1.00641
0.658444
4.88609
1.54159
0.585743
5.34359
6.39442
8.94109
4.33237
1.67704
3.42388
1.56343
0.204096
8.9719
8.33322
0.824915
3.70621
6.22404
2.30338
8.28489
0.540657
9.73715
6.73835
8.88778
9.56502
9.9575
7.21537
8.18165
2.41573
8.77069
7.19195
3.42214
9.42913
2.07804
4.96373
0.0148724
7.42163
1.35815
8.95596
1.754
3.03519
2.37984
3.31743
3.23928
1.35174
1.65065
4.0642
5.05795
7.87469
6.36757
3.34283
8.41534
6.10473
0.0811888
7.30313
5.66975
0.0386893
4.5185
3.8514
2.45442
3.28918
1.04335
5.87657
2.71831
3.12139
0.840297
2.73318
0.543021
2.19845
1.68914
2.29702
5.23363
4.06898
5.61446
8.47291
5.42071
7.26511
2.53711
0.478665
5.1398
8.90469
3.8215
3.55514
5.00941
3.90269
0.858265
0.679156
3.94138
5.37676
4.53056
6.3958
8.66594
5.5739
2.27237
1.38425
8.69529
3.11266
4.11743
9.23831
5.31111
5.80657
1.53534
0.544741
9.87555
7.14979
9.01766
5.29626
4.4149
1.55477
5.77493
9.5547
0.459453
9.59643
3.10984
5.46886
3.49912
3.96811
6.14802
7.44049
9.34487
0.678576
3.83629
8.01081
6.25248
6.10866
9.39505
4.94777
9.22132
3.51249
4.18609
4.53243
9.31906
5.72142
5.07717
9.19461
2.87122
4.09483
4.49087
7.28612
5.64959
0.265797
6.84082
6.10905
9.86222
9.95066
1.57791
3.36134
3.91877
7.72593
0.801833
3.26363
8.40451
4.63813
1.27444
4.65699
0.746784
0.669493
9.60476
9.9681
4.18198
3.79085
4.50053
3.50104
9.51227
9.5777
2.69564
2.38349
3.67253
7.18651
9.66961
9.32212
7.45231
6.51043
5.43117
7.31453
6.46109
7.00908
0.675874
0.379858
4.73501
1.47771
3.64349
3.13952
6.11583
4.91793
7.7965
6.86262
5.58742
7.40127
6.83072
9.7694
1.19211
1.33125
3.27043
0.704382
0.908957
5.96608
3.08787
4.58149
3.15259
2.75748
3.90361
0.604896
9.26791
9.33478
7.91943
5.729
6.34385
8.5953
6.10886
1.07886
0.0730106
9.75235
4.21838
6.18884
4.67028
2.01488
3.05146
0.257696
9.41615
9.88218
0.0270948
0.608261
1.21344
3.29753
1.31264
2.12239
9.26361
4.40051
6.70388
2.41619
7.15799
0.607487
3.02109
6.4259
9.94226
0.940519
2.1549
6.28612
9.53582
8.26376
7.36498
9.60883
8.01611
1.58336
5.79768
2.68639
3.59825
8.84914
2.94408
3.0144
8.73132
2.97118
3.62266
9.94475
6.26871
4.9353
2.06715
5.53231
9.33581
8.77102
7.94851
6.4938
9.37851
0.969595
2.9197
9.32078
1.91011
5.07461
5.60689
1.44594
3.33837
2.97187
1.05477
1.35448
4.55523
6.85245
4.04086
8.15348
5.70158
6.98495
1.16787
4.4329
9.95612
4.79053
4.37766
6.22483
9.72583
6.4448
1.75714
9.06164
5.21583
9.70565
5.55545
4.59434
0.675243
8.47515
3.91512
2.58536
3.54976
9.52201
4.03129
6.88813
2.49388
5.08607
8.24261
7.04911
1.93851
2.28347
5.20259
7.6401
9.26842
6.37047
2.073
9.22454
1.161
6.45066
5.44937
0.886831
2.89546
7.20651
9.94847
8.11129
6.91216
5.50392
2.70563
7.5874
3.97907
6.62075
0.172761
7.52883
6.14276
4.20406
4.41696
8.63664
9.29012
2.65957
5.68575
1.22864
4.94304
0.888345
8.86873
4.21145
7.25881
0.941735
3.436
8.41981
7.39239
8.88537
9.30664
0.287857
6.09188
9.25512
8.39915
3.00404
4.75904
1.10478
0.591445
8.73811
7.72553
0.764206
6.26694
3.86829
4.96826
0.683903
2.50492
4.25838
3.34347
8.19068
5.48702
8.28651
9.07902
4.35575
2.49796
6.33783
5.29749
5.93395
4.75765
2.68988
4.81932
4.06429
2.97774
0.9112
3.31941
1.37689
3.91524
8.07845
2.48167
4.50669
6.81656
0.2072
5.27089
3.08351
4.07549
0.239154
3.76741
6.58041
4.49754
7.11088
4.77109
9.98456
5.39738
3.85011
4.34031
7.89534
0.187942
9.6378
3.8293
4.94559
2.32768
8.64862
9.00988
5.30542
9.55982
2.32929
6.68231
3.47506
0.407745
9.16398
7.98174
7.22431
9.37118
3.25264
0.307813
3.44666
3.49179
4.07522
0.0270744
7.98933
1.1861
4.79816
7.97388
6.58348
8.64827
2.31419
4.47883
8.83621
1.95199
8.30812
3.7818
4.27967
6.95674
2.79169
9.58509
6.51656
5.12098
6.26739
9.99162
5.52872
5.43137
7.97336
2.75303
4.80254
1.226
3.06084
8.24921
4.71779
7.13607
8.27628
2.70712
8.32216
3.07444
0.681
4.90565
1.72271
2.99519
9.38447
0.558922
4.94718
7.6926
4.34072
9.22685
4.64934
7.13241
8.81194
1.16589
2.25339
5.07933
1.15751
7.78211
0.5107
9.13087
0.535145
5.31324
0.356874
3.59599
3.56245
5.07466
0.732055
1.83873
7.78178
9.05422
4.91318
8.46278
3.95987
6.63589
1.45797
3.34434
7.19481
6.40516
1.03694
1.53553
5.63201
5.68627
8.66794
4.44395
6.85217
0.921331
9.52328
8.00968
8.70344
0.0339806
7.14056
9.23859
5.34723
7.49743
2.83458
8.90968
2.57209
3.56663
0.748412
0.35387
2.62085
5.66159
8.81665
6.58072
2.29748
0.27462
9.92506
9.49229
6.67978
0.961998
1.02782
2.31179
6.64827
9.69577
6.75573
3.50044
0.617098
6.27901
1.51012
9.32054
6.31299
8.65068
8.55913
1.66022
6.14811
1.39371
0.569898
8.7202
4.96034
1.31831
9.07407
7.58119
6.9799
7.89072
4.16191
9.27738
8.16534
4.08697
8.76967
4.84511
5.04897
9.79749
7.1569
1.69724
9.49326
3.91263
5.19768
0.110356
0.191647
6.7078
9.4309
6.50464
5.35848
7.99003
8.16486
1.50659
9.38374
8.73476
0.226785
4.34408
0.0530696
9.30085
1.92527
7.03297
7.19157
6.08719
6.31035
5.35691
0.174162
5.08001
0.202021
5.22313
4.8775
7.35892
6.92038
4.37076
1.27155
2.11806
4.48112
1.4632
8.82587
3.91202
7.96784
4.18435
1.90205
6.13271
5.69093
1.28578
4.86747
5.91772
5.62986
4.92054
5.21857
7.55514
1.9535
2.41014
3.64232
8.26385
7.76705
3.81649
3.34386
7.96907
9.03962
8.22137
5.32799
5.96
2.59213
6.59955
8.07806
7.07324
8.06275
6.90393
0.98526
6.03059
1.08827
2.88731
2.16329
6.7792
4.17309
7.03076
2.69692
9.80295
1.9513
7.91549
7.35809
3.9048
0.325636
1.00042
2.16865
8.09269
4.8169
5.51251
6.06176
3.85652
3.73388
1.38975
9.81652
6.32601
7.98929
7.89458
3.39925
6.05204
4.79851
4.38451
2.08263
5.88678
7.27182
4.24592
2.66598
1.44491
1.27668
5.3629
1.24786
3.22798
3.2784
8.60595
7.13278
3.60403
9.60637
9.30143