0
8
21
36
43
56
65
78
87
92
101
108
117
130
141
146
160
172
181
192
202
214
226
233
243
251
260
266
281
291
297
307
318
328
340
351
362
369
379
389
399
412
421
432
440
451
461
467
477
485
499
508
520
532
539
549
560
570
587
596
606
620
630
638
651
666
677
692
700
708
721
732
740
746
757
763
771
777
787
793
802
810
822
833
846
860
868
873
885
897
905
920
927
937
945
957
966
978
987
998
1008
1015
1027
1033
1044
1047
1060
1076
1086
1096
1105
1116
1130
1139
1148
1156
1167
1178
1188
1200
1215
1220
1229
1242
1252
1264
1279
1290
1304
1316
1326
1335
1351
1356
1367
1373
1386
1402
1412
1421
1432
1444
1456
1465
1470
1485
1492
1505
1517
1524
1529
1542
1555
1570
1578
1588
1602
1614
1626
1636
1649
1660
1672
1685
1692
1709
1721
1733
1750
1762
1772
1783
1792
1799
1808
1818
1831
1841
1851
1860
1870
1883
1894
1903
1914
1926
1937
1950
1956
1969
1979
1988
1996
2004
2016
2022
2025
2036
2048
2057
2069
2077
2088
2097
2109
2117
2130
2141
2146
2155
2171
2181
2191
2200
2213
2228
2237
2247
2253
2262
2275
2284
2298
2311
2322
2340
2347
2358
2365
2374
2386
2396
2408
2418
2429
2437
2448
2455
2465
2476
2482
2491
2499
2510
2515
2525
2536
2547
2554
2558
2569
2581
2597
2608
2619
2628
2636
2643
2656
2662
2672
2688
2699
2706
2715
2726
2739
2746
2759
2770
2782
2794
2811
2826
2835
2846
2854
2863
2873
2890
2907
2919
2923
2934
2943
2948
2953
2959
2969
2990
3004
3011
3020
3027
3042
3055
3061
3077
3091
3099
3108
3120
3129
3142
3148
3163
3173
3184
3192
3195
3204
3214
3223
3233
3241
3250
3260
3268
3279
3289
3298
3303
3314
3323
3340
3347
3355
3360
3370
3385
3401
3410
3422
3434
3446
3456
3466
3476
3488
3498
3506
3516
3528
3535
3549
3560
3574
3584
3594
3600
3610
3618
3630
3636
3648
3656
3665
3677
3685
3692
3697
3704
3716
3728
3733
3746
3754
3770
3778
3793
3805
3811
3825
3834
3845
3857
3864
3875
3887
3899
3905
3913
3920
3930
3935
3946
3954
3961
3970
3980
3989
3991
4004
4009
4027
4041
4048
4057
4065
4076
4083
4087
4097
4107
4119
4130
4136
4145
4155
4162
4174
4186
4199
4202
4213
4223
4230
4236
4243
4255
4262
4272
4281
4297
4308
4313
4322
4330
4342
4351
4365
4374
4389
4396
4406
4419
4427
4440
4447
4455
4463
4470
4479
4494
4502
4517
4526
4538
4552
4565
4574
4586
4595
4605
4611
4621
4635
4645
4655
4667
4677
4688
4701
4708
4717
4727
4736
4747
4761
4776
4786
4797
4806
4818
4823
4836
4843
4854
4861
4874
4886
4895
4905
4912
4917
4929
4941
4952
4966
4980
4997
5010
5019
5036
5046
5056
5072
5076
5082
5092
5101
5107
5114
5122
5134
5141
5153
5162
5170
5188
5196
5201
5212
5222
5238
5248
5261
5272
5273
5280
5294
5308
5317
5328
5339
5348
5353
5364
5372
5381
5395
5404
5414
5423
5431
5438
5447
5458
5468
5480
5487
5498
5501
5509
5517
5525
5535
5545
5556
5569
5577
5582
5589
5595
5609
5617
5624
5638
5644
5653
5663
5675
5689
5704
5714
5724
5735
5747
5756
5769
5781
5788
5799
5810
5820
5830
5846
5860
5868
5878
5888
5900
5917
5923
5933
5940
5950
5957
5969
5974
5984
5990
5999
6008
6017
6027
6034
6044
6055
6068
6082
6084
6097
6112
6120
6134
6143
6153
6159
6166
6178
6191
6203
6210
6215
6228
6240
6250
6258
6270
6282
6292
6302
6314
6329
6338
6348
6354
6365
6372
6384
6393
6408
6422
6426
6434
6445
6455
6466
6475
6480
6489
6502
6512
6522
6526
6537
6547
6558
6570
6579
6594
6602
6611
6618
6631
6640
6648
6659
6670
6681
6691
6704
6715
6726
6739
6747
6758
6770
6779
6783
6795
6804
6813
6819
6829
6840
6855
6861
6874
6885
6900
6910
6924
6931
6943
6953
6966
6976
6982
6995
7011
7018
7027
7036
7044
7056
7063
7069
7079
7087
7099
7105
7112
7128
7140
7150
7162
7176
7185
7196
7210
7220
7227
7235
7244
7258
7274
7287
7297
7307
7320
7331
7346
7361
7370
7382
7391
7403
7409
7415
7424
7433
7446
7459
7470
7486
7498
7504
7510
7518
7529
7541
7550
7559
7570
7587
7595
7607
7622
7631
7645
7661
7670
7681
7694
7703
7713
7726
7735
7750
7760
7775
7784
7793
7810
7821
7835
7845
7851
7864
7874
7885
7902
7917
7926
7939
7949
7954
7961
7964
7978
7987
7997
8008
8024
8035
8044
8061
8075
8080
8086
8095
8104
8111
8118
8127
8135
8146
8153
8171
8179
8193
8201
8215
8225
8239
8251
8256
8263
8271
8282
8287
8292
8302
8312
8326
8337
8347
8362
8376
8387
8398
8410
8416
8427
8436
8439
8450
8461
8473
8481
8494
8505
8517
8535
8544
8555
8568
8579
8585
8593
8604
8612
8625
8634
8645
8652
8661
8669
8678
8684
8694
8705
8719
8728
8742
8754
8761
8775
8782
8788
8798
8814
8825
8835
8849
8860
8869
8880
8888
8898
8913
8917
8927
8940
8947
8956
8962
8970
8983
8992
8999
9013
9018
9027
9036
9041
9047
9064
9078
9092
9098
9109
9124
9133
9145
9155
9164
9184
9193
9205
9216
9228
9238
9250
9259
9268
9277
9287
9296
9304
9314
9322
9331
9337
9341
9351
9361
9369
9376
9386
9396
9407
9418
9427
9437
9450
9463
9475
9493
9507
9515
9526
9536
9546
9554
9567
9582
9591
9597
9608
9615
9622
9636
9647
9656
9661
9666
9680
9688
9700
9710
9724
9737
9751
9759
9775
9783
9794
9800
9814
9822
9827
9840
9853
9869
9874
9885
9896
9906
9914
9928
9939
9945
9950
9957
9966
9975
9981
9991
9999
10012
10027
10038
10050
10057
10063
10081
10089
10100
10107
10119
10130
10146
10152
10165
10176
10186
10195
10205
10213
10220
10233
10248
10257
10271
10281
10289
10296
10308
10310
10319
10333
10342
10351
10363
10368
10373
10381
10393
10396
10406
10417
10485