44
310
312
328
408
514
555
759
70
134
140
219
252
357
431
467
511
904
930
939
988
96
115
189
195
297
321
376
465
527
559
587
598
650
657
927
34
54
185
208
668
806
925
20
82
367
399
407
418
428
569
711
905
909
955
1010
12
155
161
586
807
831
850
923
1019
75
87
162
203
215
248
353
412
584
681
820
823
895
121
188
331
628
705
806
819
840
929
182
204
289
858
995
40
119
222
277
345
429
861
880
978
278
461
622
711
770
891
946
142
155
214
231
375
517
748
850
875
46
300
313
339
379
387
455
488
516
692
874
910
1021
189
259
269
316
447
465
471
619
701
808
852
249
299
469
939
946
18
171
363
386
411
497
517
555
637
704
842
850
888
977
96
109
340
518
523
542
657
672
725
888
911
1013
8
278
301
369
479
509
554
959
1006
63
98
167
201
507
523
580
605
647
820
852
62
65
131
194
244
477
635
693
713
1012
38
77
210
217
359
666
783
798
832
947
983
1011
13
73
272
423
450
500
585
627
640
864
913
974
35
72
78
691
759
882
983
6
72
116
191
564
665
707
757
855
1012
187
239
457
460
554
626
669
832
6
71
254
595
615
669
758
915
1020
146
350
582
738
774
808
425
462
463
472
528
557
560
614
633
667
741
786
963
967
1023
72
332
435
553
700
704
748
807
871
933
55
168
429
442
467
519
416
420
482
538
552
723
808
933
950
959
52
75
108
119
263
333
474
690
714
789
905
12
39
70
161
308
426
465
627
835
961
49
254
441
484
639
788
797
878
939
977
983
994
10
35
103
227
364
401
577
578
586
624
651
35
203
417
429
538
543
570
764
859
945
1002
107
260
374
715
767
812
924
5
39
224
592
609
746
764
800
838
995
139
187
244
440
452
536
577
599
755
921
95
98
149
222
434
532
555
632
811
814
70
214
227
375
505
536
602
651
655
731
878
894
936
53
80
249
316
551
553
821
945
1019
52
138
272
475
555
596
604
772
788
953
987
2
281
369
458
657
713
821
854
221
233
241
257
266
274
406
492
576
677
704
69
116
135
174
446
448
588
641
887
917
85
190
442
530
689
1014
237
303
394
505
506
606
610
643
722
878
154
193
221
555
773
810
873
954
128
131
180
229
369
402
440
488
494
537
538
613
978
1010
196
284
496
529
621
840
860
862
963
34
214
361
391
413
650
669
707
732
775
814
1016
156
190
219
404
587
589
674
742
810
861
895
908
11
85
327
379
512
684
967
78
143
202
276
303
339
444
530
889
931
43
48
349
367
428
629
643
753
897
945
1021
155
248
312
406
439
671
769
874
976
992
74
94
121
235
255
299
308
375
405
462
483
515
525
565
591
658
954
44
186
270
565
590
624
916
936
995
123
182
210
268
316
463
770
830
859
971
15
100
126
131
323
380
439
494
562
700
748
837
863
1018
77
162
214
239
342
365
437
601
633
640
74
191
300
463
502
590
707
776
4
63
93
220
303
356
388
586
709
711
757
957
962
10
203
240
452
454
468
513
545
588
621
730
760
816
847
867
121
331
364
400
789
809
810
850
862
951
1008
17
49
168
233
312
371
592
642
696
746
757
890
937
1005
1017
71
167
249
264
405
607
693
850
8
68
437
504
569
613
792
983
12
50
100
425
458
477
496
514
844
906
908
998
1020
24
213
278
392
448
517
579
589
616
711
878
116
158
393
505
709
825
961
966
0
359
428
506
715
738
228
308
334
451
484
638
799
807
824
961
992
111
147
150
276
743
890
213
259
400
511
613
792
822
869
110
220
254
517
588
649
47
136
233
250
544
575
624
629
714
725
51
226
413
601
804
984
48
266
289
349
611
674
743
755
759
305
425
569
642
666
880
937
964
5
91
99
101
247
303
614
679
721
824
889
953
37
54
252
470
472
608
622
679
685
839
1014
3
250
262
321
472
484
498
499
536
542
661
732
843
108
283
333
372
402
414
606
607
630
768
775
794
805
923
460
490
722
726
824
889
921
928
84
157
604
718
826
215
249
438
446
460
536
681
814
827
876
905
1014
1
51
131
133
173
388
528
543
559
595
667
767
163
175
264
429
431
438
655
771
104
242
329
331
413
475
589
621
722
819
820
845
917
959
996
231
316
539
618
722
813
937
75
130
227
337
479
586
610
661
685
905
103
121
303
479
564
613
657
931
135
246
451
500
521
593
659
679
692
854
960
1021
20
159
259
268
538
583
738
766
771
126
161
292
452
475
542
561
726
761
886
923
948
145
244
401
632
656
786
799
894
976
129
220
246
250
413
506
737
779
861
926
976
161
179
180
423
507
519
540
736
970
994
46
81
252
262
289
452
927
109
119
163
193
199
306
591
637
641
710
863
914
39
157
190
438
739
1015
244
252
471
541
556
777
789
816
884
897
958
454
583
617
335
339
382
469
548
590
698
745
809
866
909
992
1001
89
270
395
407
470
549
564
585
609
622
641
713
728
755
862
939
28
134
159
496
560
724
899
934
1000
1005
11
89
212
335
405
489
657
833
873
958
504
612
618
646
866
888
943
954
1001
20
101
115
241
270
310
575
697
848
863
961
77
111
113
207
235
410
503
511
568
685
821
834
935
1019
153
430
548
552
665
666
702
926
1021
285
450
542
677
794
850
942
961
1003
274
300
365
689
747
810
890
1017
48
120
290
325
441
446
530
591
788
856
1017
24
27
49
124
235
456
632
696
747
808
954
40
164
201
324
352
465
634
729
875
996
70
106
165
266
417
581
599
673
739
806
822
861
3
36
115
266
283
295
323
412
470
560
645
682
778
975
1016
103
195
214
450
992
269
339
406
467
489
506
771
839
849
332
333
381
437
495
573
677
742
781
784
865
942
979
115
136
144
235
245
278
463
612
842
990
5
156
261
296
448
576
588
608
733
822
831
920
161
163
243
297
479
592
739
747
798
823
846
861
911
954
1022
102
174
379
383
415
521
706
710
889
913
964
33
34
45
65
101
103
216
395
437
484
673
809
875
898
203
227
453
482
485
617
646
746
770
831
861
921
294
381
460
516
564
591
805
824
831
912
37
76
275
331
584
612
653
786
791
37
141
168
230
359
380
438
440
449
534
620
698
845
855
897
949
358
623
749
890
981
1
37
113
402
519
546
566
641
654
843
920
233
267
602
746
841
843
182
291
398
418
449
457
550
614
688
709
929
1002
1010
132
178
268
310
389
412
510
574
592
598
623
671
680
682
773
893
181
204
256
384
581
631
699
715
825
921
78
395
445
463
679
680
710
714
799
11
108
158
190
270
280
282
289
452
686
701
79
218
401
434
493
517
557
696
725
879
934
1022
56
227
400
431
505
614
633
814
816
829
834
970
9
78
137
510
524
608
821
863
1013
103
342
695
963
988
25
29
90
135
324
424
468
516
554
679
706
722
788
907
936
81
125
215
326
339
722
811
53
105
173
268
406
407
456
504
556
582
604
662
964
41
152
183
191
225
376
462
488
522
635
829
1007
116
337
445
470
504
758
941
10
306
606
695
830
68
109
392
495
513
600
672
679
684
879
948
993
994
24
81
88
151
374
507
511
518
531
543
696
717
1011
20
209
267
341
368
381
419
520
562
619
748
767
794
816
873
7
198
488
638
722
869
879
883
120
286
347
432
464
565
574
696
916
1013
26
34
53
139
165
246
285
364
407
474
521
562
691
895
153
202
232
268
407
609
622
626
638
724
864
997
19
52
86
112
117
178
256
323
355
480
497
1019
342
411
434
459
524
603
612
642
687
1001
72
271
300
333
427
429
453
732
755
835
840
855
873
14
77
85
236
243
460
493
540
561
662
866
29
69
140
169
175
198
226
494
554
663
777
822
66
316
342
345
458
544
614
618
839
911
935
973
1019
85
133
188
333
708
724
772
5
33
73
76
143
204
216
284
479
540
563
603
660
728
784
937
956
43
84
106
209
242
290
339
552
798
928
980
989
69
185
219
228
306
471
586
611
635
757
816
906
78
79
81
99
176
193
198
363
411
498
686
787
856
878
895
955
958
155
199
288
400
461
507
524
626
764
803
976
983
88
443
575
578
675
685
824
926
939
964
4
6
49
83
215
501
836
984
988
989
1013
33
266
399
493
588
684
701
809
1017
153
278
349
393
422
484
774
159
196
235
255
306
341
771
858
1022
45
96
415
495
575
650
702
734
887
970
36
77
121
151
191
411
418
425
604
729
907
923
1020
142
293
334
373
566
635
695
726
856
926
103
223
409
529
653
673
881
960
965
991
16
184
242
291
312
449
616
799
809
134
347
428
446
515
521
711
771
934
974
238
270
275
383
460
474
498
506
631
642
668
921
950
166
227
284
354
480
515
548
624
717
875
928
80
102
159
177
276
308
413
593
603
65
314
337
588
607
632
725
732
817
908
1010
140
285
286
320
329
334
397
537
585
697
756
957
133
172
383
672
692
748
757
813
876
928
968
8
147
248
254
440
507
537
617
645
703
819
883
888
48
215
349
581
617
692
46
119
313
331
435
624
632
741
764
821
833
941
969
75
158
187
292
372
375
499
599
646
968
99
304
464
467
575
709
826
915
988
26
255
261
324
405
535
540
1000
104
107
169
254
492
727
793
931
118
130
156
257
294
322
350
458
534
548
633
909
33
252
275
289
320
437
79
567
845
168
198
264
321
413
440
461
577
624
650
1015
43
215
325
364
465
476
539
640
650
726
889
947
35
75
195
446
575
602
611
912
948
24
169
233
410
549
755
775
812
926
943
985
1018
45
147
203
259
400
789
804
928
160
162
180
309
434
451
812
931
939
956
973
75
133
324
355
504
530
630
652
944
55
56
120
388
417
487
542
653
704
854
882
1012
215
508
537
552
555
683
809
858
21
24
52
135
138
384
440
546
563
593
626
943
999
12
43
169
284
320
583
590
713
820
938
949
109
268
290
698
1010
47
193
250
608
836
881
922
943
994
52
136
180
251
253
270
357
598
618
642
646
683
773
843
976
1020
17
105
120
200
480
493
648
713
714
929
119
422
452
586
601
614
622
706
899
971
324
600
639
644
731
754
894
985
1017
250
319
407
419
438
586
639
693
784
811
895
906
996
51
198
202
255
289
352
363
445
539
543
618
760
886
907
993
258
302
363
485
531
708
772
815
901
34
48
54
416
433
442
669
910
938
956
87
216
374
636
894
927
142
244
435
438
586
627
636
778
957
108
176
334
337
355
361
457
610
646
766
795
904
908
21
156
260
426
487
774
822
870
967
41
159
212
254
257
326
407
409
544
576
612
652
708
854
42
58
174
269
289
355
368
373
483
641
714
729
806
53
96
303
355
422
530
574
700
785
842
1012
42
61
64
131
209
255
393
430
578
634
655
677
743
881
942
998
1011
1014
154
322
478
747
787
853
898
158
257
356
449
535
576
613
795
823
870
1012
333
369
479
724
911
936
955
361
379
538
539
590
684
761
847
850
157
269
318
327
386
446
527
698
720
782
860
937
17
120
157
232
257
337
388
392
425
687
163
334
377
385
486
596
715
760
777
803
873
935
96
151
265
336
441
567
584
614
743
941
3
203
230
403
474
615
658
686
710
803
911
192
216
310
321
410
444
568
983
6
100
207
278
356
417
508
632
756
819
916
177
344
467
713
801
843
985
53
149
227
265
296
584
750
892
908
1020
51
185
436
530
658
733
759
791
828
922
1015
1
66
454
547
835
883
62
190
224
261
329
384
477
822
958
64
81
136
408
733
742
815
935
14
49
271
415
435
528
653
673
727
777
983
52
547
743
781
798
44
130
252
301
360
434
603
733
792
844
38
208
221
364
423
721
744
802
868
882
1023
18
97
149
192
216
217
261
309
355
392
877
37
370
536
543
560
692
806
321
503
599
819
96
149
271
367
412
472
556
623
656
874
942
21
74
297
405
471
640
745
790
842
910
991
993
6
83
153
186
237
362
429
478
508
549
566
599
699
849
955
1008
35
76
114
444
562
580
626
675
836
863
938
209
252
346
365
501
579
619
670
736
767
976
91
174
276
444
557
620
801
855
904
221
263
288
311
378
654
914
929
222
238
401
562
617
646
661
140
223
234
361
456
469
548
596
602
739
939
961
989
41
89
375
504
769
828
12
223
228
353
358
431
432
712
905
991
56
104
297
342
361
381
443
463
498
590
618
851
858
934
963
976
97
339
349
367
469
497
743
744
900
904
1015
161
343
405
581
611
740
1005
33
144
265
315
560
587
642
820
944
57
66
99
100
130
403
431
437
452
561
680
46
80
185
239
255
392
522
533
680
714
746
923
1017
220
611
623
846
905
974
1015
31
128
177
178
204
300
390
455
527
657
693
747
998
20
26
290
404
441
473
486
531
690
751
932
185
347
467
489
503
526
791
810
814
866
952
1002
119
124
136
351
388
519
628
787
884
912
916
985
26
119
160
244
267
462
496
527
583
593
604
775
789
817
904
943
956
84
182
213
229
396
484
540
547
586
607
609
736
870
898
1023
149
262
400
531
545
560
764
770
919
93
111
199
359
648
662
675
739
793
869
947
130
273
304
391
565
746
907
947
32
57
270
324
365
433
637
743
956
39
60
136
315
402
542
708
753
839
865
22
91
136
224
238
364
374
413
471
537
572
575
584
640
897
935
942
22
32
39
142
229
322
397
422
443
497
597
669
686
742
910
981
985
87
184
244
406
439
440
527
670
733
738
765
1002
702
703
839
1016
124
255
387
398
418
509
521
765
800
865
952
354
356
551
688
800
805
879
968
969
83
246
522
566
946
44
184
456
885
984
102
305
339
392
888
912
266
352
400
519
552
662
760
918
936
989
50
204
341
360
390
395
428
472
478
488
552
668
674
724
749
841
902
915
952
1007
1022
83
129
140
286
288
330
342
666
674
684
715
846
877
932
143
167
230
440
705
732
992
237
390
548
584
611
685
696
709
811
64
357
471
588
595
711
869
107
166
300
352
445
473
508
540
661
733
788
835
913
940
998
56
204
213
289
353
373
402
512
527
611
767
780
992
376
570
579
691
733
952
31
48
91
92
166
295
319
409
547
548
595
755
790
807
894
900
163
374
378
413
458
533
632
669
801
811
890
937
968
989
185
280
346
408
446
461
644
831
251
302
344
536
589
598
655
703
878
52
95
146
383
425
440
483
541
586
587
623
753
154
376
395
541
709
713
750
830
923
41
43
180
316
418
478
549
725
743
850
895
940
980
29
158
297
419
712
976
3
49
169
192
290
308
313
379
387
599
643
825
826
833
892
75
114
156
162
170
297
521
582
624
739
139
148
323
367
383
403
415
493
529
575
650
63
90
118
211
274
439
495
801
57
364
867
57
207
299
351
362
447
457
837
871
82
361
394
427
535
600
612
725
741
852
22
79
93
249
270
498
623
765
1016
81
87
88
242
298
388
578
610
712
878
89
121
333
440
658
862
932
995
44
92
106
225
639
738
743
761
809
69
114
264
286
368
417
468
538
553
941
96
278
294
307
497
571
592
825
153
201
295
298
303
318
344
459
639
705
784
253
289
608
614
756
819
833
834
915
1023
162
223
357
434
475
537
636
671
680
224
326
386
398
471
66
135
199
244
286
401
562
568
711
989
1023
6
235
242
251
422
621
678
891
1015
60
103
154
196
227
366
497
516
535
539
667
686
805
843
901
928
1000
140
286
401
589
860
917
1004
143
172
257
369
424
541
613
777
46
393
553
692
759
71
97
195
243
303
370
375
463
877
973
95
101
236
284
289
315
333
456
533
571
664
715
757
765
976
106
228
236
280
393
399
411
416
452
509
634
678
704
885
928
1005
19
33
110
138
441
554
776
930
948
62
67
107
120
247
286
326
435
439
615
754
875
91
122
200
215
346
407
523
772
811
896
943
998
19
80
127
131
149
422
596
727
737
919
948
993
114
249
283
312
426
451
743
898
923
939
129
169
339
398
543
557
618
650
859
923
77
150
211
383
404
473
617
652
776
793
59
365
378
458
484
493
567
648
767
786
835
936
59
65
112
448
524
730
880
906
919
991
89
242
391
511
522
697
794
844
38
58
151
190
244
305
421
519
579
590
39
128
176
490
575
595
610
766
871
917
930
947
112
219
233
315
764
767
883
29
100
216
224
258
300
330
412
608
760
820
864
889
901
9
121
291
310
322
449
462
677
715
768
825
76
149
275
309
510
523
588
701
710
777
796
803
814
915
8
23
151
187
200
634
655
755
768
862
19
36
75
161
226
467
543
785
801
810
68
359
396
504
774
951
71
96
184
299
477
577
664
708
883
966
13
41
106
137
314
664
851
875
24
163
401
431
508
559
635
657
953
959
1002
1007
1
87
290
314
411
660
101
311
319
342
350
374
571
660
774
858
872
970
209
286
379
428
524
664
732
943
28
87
104
121
163
291
327
610
899
62
267
276
318
502
748
761
790
858
918
976
997
77
176
254
281
366
720
744
930
236
364
404
407
632
669
912
7
381
571
637
743
24
217
438
655
713
820
908
141
350
363
364
433
449
503
553
733
802
804
951
106
131
435
443
514
748
773
785
830
891
984
994
26
327
331
362
677
127
179
285
294
331
344
466
476
574
582
591
814
990
348
355
358
377
521
610
963
971
199
267
271
290
319
331
461
521
609
626
795
797
798
863
881
897
23
291
385
404
580
665
867
1016
3
92
141
234
253
327
342
450
462
488
781
844
890
917
964
42
100
133
181
208
263
393
521
523
689
914
982
57
537
656
817
871
892
60
104
127
150
310
318
347
476
552
648
702
734
746
997
22
98
617
619
646
657
691
775
860
30
125
148
322
336
534
563
635
776
858
1023
45
110
264
277
345
354
363
537
588
810
886
910
73
519
579
628
674
863
919
29
143
161
193
237
321
413
470
674
828
837
10
40
77
268
372
398
460
611
657
691
802
992
41
70
317
414
469
583
613
654
719
810
830
837
231
349
436
889
983
1003
102
133
467
581
595
687
845
864
5
13
109
238
481
593
680
77
113
194
305
392
425
482
993
1014
1017
53
719
723
828
973
188
193
275
310
411
532
563
686
819
934
1013
93
199
349
445
537
570
588
925
252
257
431
435
541
653
782
43
95
314
353
444
628
707
842
968
53
158
196
334
343
392
692
806
830
996
13
131
357
383
419
443
570
594
741
209
373
51
156
189
560
592
664
751
835
863
906
908
938
990
54
66
116
137
213
99
123
165
175
208
280
323
326
363
370
524
540
556
574
641
677
731
923
12
24
41
56
128
358
417
429
640
674
700
751
856
985
72
238
322
493
649
713
773
158
252
257
291
410
505
706
822
942
211
248
250
369
481
483
907
1021
132
136
180
241
318
353
373
802
899
967
981
295
364
368
522
571
825
975
29
506
601
668
88
123
178
402
536
584
769
811
938
1007
71
157
171
223
230
366
380
592
779
941
16
19
81
206
211
252
322
339
634
662
917
936
27
115
197
341
355
422
547
682
815
822
895
50
121
122
497
792
810
24
239
625
632
660
714
903
940
968
112
166
229
342
543
705
721
785
859
994
57
227
295
478
652
757
927
50
321
365
489
527
662
681
689
730
756
798
804
245
337
402
426
436
505
520
564
702
751
986
999
126
172
378
416
423
464
487
761
779
863
892
969
982
230
608
793
11
78
204
218
238
406
508
679
737
793
855
0
119
327
611
626
671
715
808
933
975
84
301
307
438
669
726
809
304
312
710
808
883
977
16
87
102
201
345
367
490
25
29
97
206
216
447
482
504
632
770
894
928
99
105
222
333
614
723
1012
72
85
136
402
709
804
863
904
923
979
43
102
135
273
312
374
556
913
1004
50
72
103
180
181
198
204
210
285
320
389
601
702
770
822
1002
137
253
303
437
580
608
746
753
811
840
913
206
652
688
837
883
187
211
272
374
508
624
798
809
839
49
80
101
405
458
511
539
892
13
57
187
264
299
340
404
521
565
573
777
936
17
72
173
466
520
789
824
884
897
5
44
86
101
169
223
358
429
591
627
642
686
828
927
163
258
375
513
558
766
769
798
983
14
214
382
443
450
489
569
620
630
635
645
681
935
973
1009
33
163
209
378
457
495
1022
34
132
147
168
335
458
632
745
792
940
20
217
390
420
485
615
628
706
768
919
922
1004
1022
30
38
183
216
284
557
768
973
14
39
50
80
169
381
447
564
668
775
802
810
925
8
62
63
270
404
443
976
203
437
653
702
822
841
974
993
120
209
266
291
389
401
554
1011
226
336
358
747
878
905
1005
57
88
219
533
539
728
850
853
938
18
196
298
376
409
428
457
471
488
529
734
915
968
990
1017
27
135
196
359
490
495
813
998
63
100
249
319
357
374
415
488
522
629
714
775
835
941
995
65
203
430
555
560
768
785
795
1006
261
346
405
499
547
771
773
800
887
932
959
980
34
57
125
140
267
277
280
415
528
667
688
742
906
995
287
296
330
370
502
541
558
584
817
900
915
974
1011
340
347
430
437
708
779
797
864
914
109
252
320
371
404
423
555
574
632
680
734
811
110
393
441
553
639
724
732
765
1012
10
96
294
400
603
745
850
853
863
945
26
90
222
287
334
985
120
275
307
328
451
596
726
728
769
909
22
203
498
542
576
626
629
659
711
740
850
886
900
992
127
181
460
504
646
674
691
694
888
960
182
209
389
412
456
459
461
519
607
874
218
382
492
521
522
679
722
745
784
797
847
905
26
194
239
415
426
503
580
843
973
1000
123
288
311
407
410
478
498
519
743
893
980
89
145
461
498
521
533
552
654
659
739
759
812
820
160
218
223
421
672
804
930
156
212
318
411
452
465
491
492
918
63
143
224
264
270
332
398
414
599
899
66
108
244
490
646
716
803
818
879
99
136
234
267
365
472
506
622
660
980
1000
39
134
350
429
432
453
539
552
588
724
786
833
837
938
1
18
264
296
302
323
591
597
689
733
739
782
860
884
966
105
117
130
272
357
471
779
810
897
933
86
165
209
237
270
340
354
435
445
705
768
121
166
292
418
424
458
489
576
640
213
249
262
314
407
423
518
540
567
630
828
1020
1
144
175
210
290
154
286
420
450
525
692
731
733
820
821
917
960
968
80
291
533
595
862
995
1005
78
231
290
351
428
453
471
633
968
1004
1017
139
156
237
406
539
617
800
18
125
134
263
335
337
469
498
721
764
859
979
982
2
16
136
248
267
295
436
499
935
963
972
988
158
251
276
303
356
852
882
971
974
127
128
151
172
188
385
404
542
635
1021
232
501
625
811
911
944
954
2
182
643
697
1012
66
162
171
275
376
396
589
784
836
849
894
985
199
200
219
240
252
307
318
384
477
654
723
764
36
53
231
259
384
417
443
456
477
764
958
29
84
364
410
427
482
556
634
643
700
806
853
924
979
16
62
87
168
302
375
426
465
487
521
533
718
723
872
27
48
66
79
92
199
313
399
409
497
584
601
605
658
681
789
964
68
81
130
151
210
249
320
359
501
579
747
777
963
37
76
197
295
370
388
573
671
700
65
103
132
145
229
317
323
345
405
520
585
673
743
868
942
980
992
48
60
93
338
363
477
499
663
913
954
146
360
407
582
603
619
631
653
822
942
84
131
137
176
257
303
321
397
444
540
600
609
676
729
750
892
47
183
718
816
98
128
311
324
532
854
46
52
101
352
387
418
569
625
829
931
63
199
410
413
550
622
902
932
975
91
235
246
746
879
953
218
235
286
384
419
541
757
44
74
266
337
385
569
763
960
7
117
127
226
281
338
503
532
642
685
828
830
226
459
466
521
798
914
935
16
38
95
283
354
360
430
433
446
447
910
1022
225
382
457
476
607
635
843
916
943
19
113
168
432
470
678
900
918
24
121
185
194
205
329
373
427
479
490
596
610
650
705
762
783
873
901
82
178
343
586
634
686
713
969
177
351
547
649
960
12
60
472
483
765
795
796
832
862
925
969
97
170
219
320
463
517
820
824
846
924
17
100
112
187
309
340
364
367
451
522
549
551
787
845
879
1023
99
162
284
385
552
686
729
775
777
878
12
33
193
254
372
465
549
562
741
971
985
1010
1012
54
146
167
170
379
400
518
634
643
695
779
657
163
259
272
477
743
805
962
78
236
248
498
679
704
749
790
810
875
903
931
976
1019
122
284
360
450
578
637
676
749
795
814
819
838
972
1019
20
40
64
345
475
787
887
933
999
53
151
176
198
459
510
583
606
629
832
1023
20
38
59
272
363
642
673
736
738
850
951
51
169
174
500
615
718
761
808
969
0
417
431
677
962
132
198
237
309
326
437
457
487
518
881
926
165
306
307
400
493
532
744
843
89
93
228
307
555
669
872
953
954
17
71
394
399
436
438
505
569
710
808
832
869
971
986
51
101
186
249
327
422
456
460
826
53
127
169
262
332
535
671
740
757
931
35
39
329
401
435
589
785
880
951
135
217
220
333
442
569
757
917
39
73
107
433
618
717
889
20
148
192
359
568
686
735
801
975
56
178
199
249
253
316
494
537
588
724
1016
126
152
197
255
444
689
718
776
881
898
24
28
252
301
358
413
498
520
679
872
963
1020
21
243
595
785
901
921
931
45
101
272
367
396
414
684
784
841
903
952
387
457
964
101
182
364
505
576
604
754
757
116
131
378
464
497
662
923
978
35
165
186
416
581
941
1000
1004
43
63
481
613
669
681
689
894
906
943
84
182
353
446
447
563
659
813
844
901
106
170
220
232
512
538
581
618
646
873
1012
187
219
232
258
335
390
418
432
511
558
565
817
867
84
386
399
439
725
742
753
982
430
583
622
900
955
248
429
609
727
913
944
985
114
155
161
378
556
770
24
48
93
289
328
360
470
487
596
709
887
903
935
993
212
300
316
478
621
689
710
772
4
77
408
472
521
683
925
15
63
64
138
251
320
373
401
492
644
656
660
670
944
468
639
710
726
760
899
198
290
329
606
655
838
886
949
956
144
351
382
404
645
838
930
974
994
1014
205
450
569
604
716
722
732
743
766
876
918
953
183
239
292
307
331
358
401
490
501
511
581
891
947
966
42
78
81
218
431
440
601
610
669
799
893
944
961
963
984
68
126
192
435
515
546
548
771
902
953
98
112
159
268
332
514
561
573
673
767
85
253
524
724
835
836
859
875
876
899
987
22
128
131
139
157
337
456
587
632
856
938
991
91
145
197
550
600
705
771
860
862
18
20
35
118
197
382
617
643
712
733
752
854
1010
143
155
173
198
295
306
327
335
410
449
611
703
376
452
454
482
592
839
918
141
282
326
355
378
545
562
575
675
805
1020
137
184
436
479
520
525
752
801
870
917
993
164
240
408
448
551
625
829
895
934
957
73
270
311
321
454
501
556
594
845
860
72
91
173
178
265
293
347
407
425
735
760
785
864
970
987
1021
27
173
365
437
465
485
497
525
587
650
695
896
946
989
358
622
644
660
761
844
907
994
15
63
178
441
610
616
702
891
895
937
18
176
264
349
429
529
773
798
819
1015
2
170
171
289
365
399
457
641
774
833
980
1010
81
87
110
193
224
278
286
422
576
615
652
711
753
757
765
955
1022
114
472
777
838
868
991
46
184
242
340
408
418
516
517
621
734
129
318
447
484
710
771
965
58
172
202
247
405
431
495
583
757
853
17
554
650
674
712
998
1014
61
177
290
459
473
474
750
793
844
846
937
977
59
192
207
447
770
89
441
511
604
622
708
858
911
957
977
18
49
407
418
437
519
83
99
437
482
490
562
605
649
931
39
293
321
367
439
517
677
721
922
97
201
291
351
354
401
521
664
967
182
224
259
529
580
688
748
750
896
993
225
457
481
493
835
868
907
311
375
412
484
739
778
839
853
938
1002
168
272
389
417
458
467
483
681
743
876
954
20
96
154
177
188
220
296
334
364
505
672
838
918
24
113
131
242
275
321
449
538
603
617
666
747
833
952
100
341
2
5
155
166
396
446
533
658
706
712
788
822
999
11
285
333
397
460
484
534
567
571
585
666
826
944
965
967
60
92
371
600
680
700
753
837
23
69
119
138
286
522
683
737
752
850
852
949
989
1016
22
58
65
215
514
607
680
947
976
141
214
551
559
704
795
933
983
984
1009
69
278
343
441
836
861
79
253
290
458
643
859
974
1
13
195
196
228
254
370
462
554
638
892
905
39
55
308
360
388
423
427
452
612
638
672
888
897
101
297
317
337
431
517
645
689
926
984
997
1019
73
78
462
586
802
942
995
18
393
696
912
1021
119
172
277
494
578
614
632
647
720
899
901
955
972
65
218
284
368
395
405
474
704
705
856
904
993
67
74
273
330
520
538
558
568
688
886
67
133
376
491
504
591
661
795
4
85
89
254
268
354
781
798
855
931
958
994
102
164
303
452
468
477
637
743
785
819
982
984
112
144
267
291
328
400
650
708
756
922
118
196
450
578
727
742
762
838
984
1012
38
115
246
327
369
403
435
447
456
545
691
825
185
373
424
491
498
588
735
768
777
796
844
868
902
903
1019
4
44
138
145
170
306
407
482
931
72
103
147
272
390
404
725
831
979
980
73
213
463
530
788
960
24
298
431
596
632
649
772
782
795
939
996
172
220
278
652
816
826
829
41
60
127
258
263
385
507
540
600
750
753
979
42
46
63
82
392
477
617
725
732
111
153
205
284
325
385
427
463
498
779
782
812
858
903
904
26
75
221
252
280
285
322
339
516
623
636
854
855
930
583
631
798
892
172
251
384
528
815
931
941
1007
157
168
273
295
296
333
409
508
597
801
874
217
245
302
515
517
616
631
648
772
833
7
32
79
201
378
388
421
430
568
732
919
128
297
382
438
444
585
710
728
1002
78
227
517
665
810
107
122
484
768
829
846
874
921
974
13
72
98
195
461
518
784
789
901
956
963
975
994
71
93
210
252
367
427
431
503
631
699
238
242
365
410
449
470
728
744
877
970
290
520
891
974
10
73
199
213
318
367
374
639
753
829
890
5
98
144
154
258
351
405
543
650
898
67
117
174
215
325
408
525
545
668
708
792
25
154
178
231
350
396
451
505
641
744
970
1008
374
416
552
625
640
679
799
809
858
49
52
72
108
227
279
299
359
578
582
673
820
858
942
948
95
258
347
356
466
621
790
1004
166
199
222
328
524
582
859
897
938
62
143
244
342
430
641
668
121
131
142
202
261
289
303
465
485
641
775
887
898
399
420
545
710
730
818
883
933
988
171
177
276
313
392
665
707
733
88
187
193
440
463
527
652
672
747
830
841
141
190
346
452
473
586
702
807
941
954
1016
31
69
111
263
390
553
569
603
757
788
988
85
173
201
221
278
344
438
628
647
1001
34
46
119
334
384
478
569
607
722
859
914
928
1006
131
228
270
314
320
472
630
679
789
888
890
54
337
452
682
783
891
904
921
936
947
985
10
33
230
322
490
500
546
673
690
699
757
941
985
178
259
315
359
663
672
755
789
12
253
308
388
447
666
709
717
814
966
977
101
151
177
337
427
522
591
867
884
1003
1005
1012
59
144
591
673
805
863
886
923
951
226
463
778
968
15
22
317
359
422
500
539
604
738
742
751
940
15
115
399
402
587
634
676
741
873
82
244
302
348
485
527
592
708
924
52
203
383
490
559
904
49
373
431
474
513
773
832
917
961
981
38
41
178
222
272
398
639
821
823
916
989
157
188
277
285
512
558
572
610
612
715
766
818
901
916
959
41
566
582
634
753
837
202
205
378
411
424
504
700
756
769
803
806
816
963
14
83
147
188
308
342
352
537
641
897
989
130
179
223
378
408
503
525
530
567
646
699
752
822
830
976
11
26
204
212
275
378
379
585
813
889
14
144
169
275
414
438
449
536
583
717
755
936
953
1002
69
87
302
567
601
831
957
42
138
210
341
361
370
633
701
707
763
805
969
126
211
280
341
449
539
570
574
823
970
133
144
217
238
552
632
654
694
697
899
925
934
1020
224
516
561
572
580
581
709
814
823
966
72
356
416
615
642
978
140
153
245
301
369
469
481
533
581
637
755
938
999
42
118
197
219
223
225
376
455
517
551
597
656
705
719
839
975
38
95
111
652
743
809
893
235
310
318
344
584
638
713
901
907
42
78
157
438
504
827
940
967
1001
2
65
72
379
472
630
841
941
27
144
156
160
270
383
385
531
880
931
1009
1010
38
118
161
262
431
443
639
71
111
239
352
403
889
78
315
327
463
473
502
742
785
938
953
426
439
507
528
648
697
825
1021
5
59
87
220
240
454
474
702
714
847
861
891
186
191
400
582
837
858
174
465
492
550
600
972
1007
57
88
118
127
215
297
389
433
444
494
590
632
669
701
931
1002
27
111
227
531
543
557
692
707
732
864
912
1017
271
305
316
317
360
409
560
712
713
1022
9
18
65
111
162
438
450
464
501
627
709
742
50
122
138
242
258
271
293
299
321
367
576
714
808
1009
38
76
96
218
539
555
631
739
873
72
332
350
388
466
612
635
710
711
922
925
24
160
347
499
501
523
656
683
709
810
840
843
892
932
19
114
209
445
655
783
784
877
940
949
31
78
452
613
724
777
790
95
236
344
439
565
942
949
980
49
256
265
320
608
831
923
927
933
156
184
187
255
281
441
454
566
718
737
782
909
913
1022
115
151
198
220
435
440
454
484
595
599
641
644
774
885
916
1014
128
248
250
270
277
278
416
420
755
795
932
956
961
35
137
193
349
411
430
723
831
867
890
190
194
429
442
505
760
878
881
953
1008
93
134
136
274
350
372
425
536
605
620
705
713
872
21
266
271
338
557
594
702
845
862
875
951
100
134
150
204
269
286
304
326
471
617
726
776
840
878
995
77
91
223
267
453
458
472
604
610
619
648
772
797
852
988
14
28
36
91
95
240
609
776
971
183
278
279
294
350
355
368
500
508
771
968
1009
127
172
291
347
460
520
523
887
909
51
72
108
129
190
198
231
332
378
428
816
893
23
41
306
418
650
733
222
498
763
858
944
1022
12
399
401
414
497
794
908
911
913
179
358
505
640
695
792
809
852
899
4
81
162
213
275
651
714
738
755
765
767
904
911
4
51
96
125
177
486
520
528
585
727
789
828
830
19
87
211
227
331
584
750
905
932
942
960
0
20
21
140
142
146
189
262
275
276
581
608
667
693
727
740
35
190
252
311
409
661
664
780
887
888
907
1018
65
233
296
489
657
975
112
418
515
544
667
842
83
163
224
503
690
801
845
873
82
230
262
296
330
412
454
457
785
886
895
201
241
259
333
463
475
522
630
666
753
873
1000
79
124
189
229
482
498
613
655
954
64
250
322
467
526
689
710
853
984
2
183
269
363
424
451
623
749
855
912
984
33
54
225
268
369
461
524
595
627
652
680
686
755
769
907
976
990
57
91
274
732
859
892
944
971
197
342
374
421
519
635
646
867
901
972
974
1002
3
16
167
352
437
542
614
692
753
756
817
849
869
919
998
91
158
243
326
374
598
685
791
979
72
80
117
153
326
416
426
660
794
839
933
973
990
1019
315
326
403
405
460
480
490
494
510
609
621
689
730
779
996
1010
41
327
390
468
502
551
605
786
1007
14
15
313
413
461
660
726
801
853
901
987
10
70
92
236
251
433
443
474
674
708
769
847
934
152
172
191
589
649
688
712
846
861
12
99
171
276
528
617
768
829
859
949
68
140
223
327
381
441
455
662
729
776
877
893
995
115
156
378
393
457
542
831
850
907
275
347
373
379
414
509
572
710
777
807
911
935
988
1015
1021
198
215
258
279
451
512
546
553
740
780
3
45
63
144
269
341
349
351
355
384
556
560
569
640
700
103
210
369
375
461
688
943
985
1012
73
339
427
475
500
525
871
970
992
45
72
82
148
162
171
324
354
522
557
708
766
774
923
987
1006
1007
68
105
259
260
263
523
677
707
772
852
957
24
228
318
330
331
364
409
643
685
772
826
833
894
945
167
283
297
353
387
460
595
730
803
929
235
433
627
779
916
973
76
228
302
331
370
456
488
523
768
813
887
950
961
76
208
534
549
753
768
770
797
806
848
37
39
341
455
466
516
739
779
787
851
971
8
19
70
115
157
330
488
555
637
646
680
688
743
810
854
942
964
60
91
209
221
265
266
443
525
571
647
712
789
867
950
966
51
191
208
250
447
612
863
927
939
20
41
79
120
314
403
437
589
611
720
936
947
968
136
283
345
424
524
689
766
776
950
1020
549
684
825
979
1006
125
191
393
433
549
733
958
369
834
904
93
245
338
340
393
525
550
567
656
660
719
775
819
967
167
173
202
268
753
834
888
908
918
110
202
204
212
219
230
338
514
821
969
44
45
343
574
652
721
759
790
843
860
881
105
164
176
183
208
333
384
434
438
481
536
667
690
699
775
1000
9
13
114
163
201
354
384
391
582
943
976
94
311
371
436
496
638
708
773
983
120
224
247
255
261
298
327
495
544
545
583
605
648
687
858
942
963
55
96
134
158
257
408
425
466
623
694
731
736
762
924
239
706
817
860
865
184
260
599
665
703
897
32
251
326
403
497
542
623
728
975
10
13
323
349
439
498
512
742
858
33
305
352
448
833
849
998
92
207
256
421
483
768
798
1
7
219
308
412
443
580
895
942
21
76
108
328
343
546
840
896
3
78
224
264
303
528
540
618
623
1014
1018
50
130
331
362
450
543
738
9
22
303
332
336
353
398
456
478
524
578
650
680
725
858
869
890
900
14
27
400
743
751
803
943
987
38
154
346
430
507
538
547
662
710
822
876
914
933
966
44
139
152
177
346
347
635
888
51
111
257
371
411
432
489
514
683
684
748
751
888
971
40
69
130
358
397
468
585
821
855
875
29
110
158
164
191
544
576
680
762
763
770
897
959
977
10
235
335
418
469
516
517
661
777
843
857
932
346
520
567
732
989
62
385
407
415
576
813
999
50
266
479
538
590
599
746
1015
9
274
310
326
344
417
555
591
764
814
867
49
137
539
557
699
252
371
576
640
933
14
284
521
602
616
624
660
671
815
872
272
544
564
574
667
674
807
820
975
992
128
147
163
208
225
278
380
413
469
481
491
821
982
984
193
233
263
312
332
507
526
617
697
726
749
37
219
397
588
706
748
756
788
810
934
0
210
215
323
580
593
620
673
679
688
702
712
718
827
980
124
217
378
391
481
484
583
597
685
703
728
747
955
1008
104
297
344
447
525
530
622
654
708
934
957
106
443
450
501
601
676
697
732
805
953
1023
162
185
369
435
482
519
567
641
797
888
907
972
24
143
182
796
844
907
11
16
33
67
85
287
298
369
444
523
613
73
147
223
367
533
664
831
938
954
314
334
959
83
88
90
346
368
399
452
568
702
936
1019
31
56
214
315
517
588
617
632
757
759
939
30
59
237
255
270
426
446
650
711
721
837
869
97
362
437
909
941
944
949
1017
120
148
221
249
300
439
464
480
493
508
729
826
838
1
60
124
413
474
484
545
555
607
781
931
43
76
467
472
477
517
519
536
616
784
818
977
202
229
404
440
506
514
551
583
636
770
778
824
840
904
918
929
969
986
25
56
74
99
150
591
668
709
921
15
103
165
246
306
442
457
462
887
927
1008
44
90
98
219
279
351
439
516
537
842
940
942
970
4
101
109
241
256
400
405
417
427
926
947
4
11
198
623
654
986
249
341
346
528
581
668
864
932
41
57
98
167
340
550
575
581
772
790
889
81
84
119
158
223
278
886
904
95
113
163
166
325
471
555
710
785
896
984
1003
1007
5
163
191
262
308
399
927
952
963
59
167
186
283
448
546
648
693
799
870
929
208
385
391
639
763
786
975
50
189
224
228
364
420
441
513
858
17
67
222
368
580
637
897
999
132
171
284
348
606
629
701
907
949
324
380
554
559
628
821
101
252
298
396
517
559
636
766
784
952
9
70
182
222
259
290
410
466
538
607
893
119
162
174
253
347
432
518
580
606
725
803
929
956
1011
249
452
526
633
825
845
973
982
1003
46
55
235
269
386
388
488
502
557
599
664
683
837
1004
26
31
202
213
292
446
463
539
713
722
991
1017
65
127
338
442
640
966
978
27
41
48
126
214
273
302
510
539
634
671
828
863
888
118
179
341
426
433
614
618
272
274
357
490
500
559
267
354
408
457
535
802
837
884
953
954
20
51
56
70
150
204
398
512
533
563
607
614
691
842
890
1020
125
248
324
383
388
643
766
796
835
872
992
130
192
356
387
447
460
468
684
726
870
34
167
186
212
241
343
391
403
442
500
671
887
956
974
1
26
108
408
430
542
551
805
889
1008
1020
81
121
160
181
186
248
441
608
969
136
163
264
346
425
597
615
620
647
825
997
119
398
423
567
626
633
845
892
35
36
142
206
223
293
314
623
632
931
177
274
325
379
407
474
546
550
561
693
764
770
789
792
967
278
624
696
726
40
223
263
276
492
591
834
943
952
1006
59
94
373
435
533
610
618
622
639
646
924
984
1018
136
325
451
453
461
481
791
96
395
475
630
632
716
793
865
904
40
238
440
519
597
974
177
210
231
346
613
682
835
868
74
254
324
354
374
470
501
522
632
807
812
866
915
231
371
413
469
634
671
733
832
875
28
79
214
296
380
830
1017
6
117
218
250
366
396
397
513
534
666
710
873
882
915
20
58
85
675
781
43
91
474
621
703
784
813
962
987
26
274
497
681
686
776
805
816
1013
176
403
734
914
1008
253
311
339
370
435
875
44
153
156
163
317
329
413
512
513
562
618
803
836
872
890
948
969
5
41
45
60
158
172
321
357
448
657
659
752
854
951
105
156
199
300
309
335
467
474
497
564
630
672
676
755
373
747
762
852
940
965
149
171
200
243
356
449
698
774
828
885
945
187
230
318
379
429
456
545
588
604
757
791
877
910
911
986
154
310
334
336
351
610
641
819
865
2
5
119
139
149
196
313
442
463
503
537
965
135
289
306
452
532
617
666
671
933
968
56
84
170
240
249
423
508
604
747
133
136
292
300
329
411
422
438
474
505
521
600
609
621
721
724
741
765
920
994
38
118
186
262
280
554
597
717
822
11
170
285
487
566
634
783
802
803
855
963
1009
101
222
379
420
602
684
719
776
810
833
866
0
30
171
300
335
356
399
587
796
930
991
1005
29
147
281
350
708
745
789
863
903
1016
95
181
369
496
509
598
792
795
806
863
867
943
5
19
34
164
197
274
369
469
556
101
147
182
217
319
348
548
853
875
117
165
326
389
728
730
933
950
1019
107
335
374
512
517
683
700
868
909
919
353
401
456
477
479
603
738
1017
1021
267
350
429
455
503
600
902
940
394
424
458
523
543
619
850
872
979
1005
38
199
234
327
545
719
754
907
27
29
62
263
491
619
658
885
919
233
451
605
867
891
929
442
736
831
1004
75
114
162
204
214
225
413
549
702
709
37
88
243
370
538
641
651
729
783
908
7
123
224
228
390
393
783
841
207
395
576
864
890
894
985
26
96
114
305
415
503
525
647
793
917
67
80
124
197
252
388
856
952
989
996
10
403
418
452
491
500
525
594
916
925
988
123
309
356
386
438
456
595
647
777
804
907
114
260
297
437
588
639
673
780
939
187
239
261
400
585
738
816
843
850
878
27
324
391
403
407
448
584
595
601
641
738
815
863
164
192
298
312
337
405
436
441
445
679
741
907
1007
130
159
230
285
298
476
511
589
660
671
872
905
2
25
107
138
144
190
212
306
514
536
572
667
689
738
747
791
859
874
125
196
306
313
341
391
510
576
651
679
680
683
889
978
28
126
190
237
476
517
575
598
85
204
288
351
364
472
513
662
787
798
803
257
356
375
809
819
840
897
934
993
998
236
287
300
336
531
580
612
618
689
950
178
245
316
565
610
858
910
938
14
29
33
241
304
343
392
393
462
492
828
873
952
13
92
161
163
182
224
355
630
649
656
679
702
841
866
869
208
211
406
618
695
729
759
956
969
57
449
568
661
843
913
62
68
214
495
529
546
692
774
839
864
941
210
214
236
332
459
467
565
309
318
328
475
534
628
696
215
278
295
339
344
518
646
661
676
700
771
845
856
1000
30
78
164
183
533
541
663
757
785
892
980
175
218
339
367
544
567
615
834
924
414
433
850
941
976
50
94
431
434
512
146
187
236
244
248
264
382
480
652
674
781
791
909
952
24
81
101
309
414
420
563
654
80
270
431
516
543
612
615
652
778
912
928
984
56
466
472
590
648
674
765
895
898
1000
7
23
233
313
501
525
558
584
623
670
671
735
738
1007
18
20
115
117
221
230
243
344
454
690
704
764
849
15
119
121
302
361
362
678
760
794
803
861
875
960
983
92
345
556
641
687
716
728
1000
37
68
117
230
293
334
358
404
415
499
571
637
673
752
757
877
137
210
229
650
671
779
988
1001
28
30
221
352
434
466
601
875
907
990
996
267
317
334
447
640
949
14
60
127
296
399
407
449
534
688
698
832
853
984
1013
180
200
361
373
441
558
662
767
116
252
327
591
616
143
317
331
344
382
413
474
516
561
586
620
666
852
295
446
584
604
702
733
819
839
878
882
886
978
1003
108
137
170
224
284
320
397
422
615
650
663
712
722
742
794
845
154
172
190
578
967
77
98
187
325
516
599
676
769
813
835
877
3
159
306
403
439
550
597
607
691
997
1013
0
62
68
259
260
282
477
547
635
636
95
340
344
359
449
572
845
952
54
142
200
332
446
458
565
581
592
653
697
709
753
964
46
54
152
265
295
371
517
524
612
641
839
17
498
589
690
714
725
444
445
832
977
984
467
491
529
664
680
760
816
38
206
344
357
379
522
692
960
961
159
227
361
384
743
846
862
981
1018
32
118
210
494
740
864
18
28
85
317
519
564
610
748
845
921
95
524
582
615
696
897
916
954
83
160
388
541
592
671
701
744
774
859
883
906
996
176
188
210
244
251
276
356
452
683
830
851
859
866
900
1014
16
80
81
336
393
428
488
631
651
774
886
36
114
118
155
282
341
390
475
481
484
716
813
170
171
622
625
683
857
863
61
231
355
532
660
997
138
148
176
334
344
410
470
553
588
597
616
624
700
784
809
921
964
1012
59
349
402
483
595
715
900
915
16
92
282
361
404
564
609
753
768
840
972
265
367
536
933
965
1005
1008
56
60
96
144
339
345
439
578
644
734
844
1009
146
158
186
190
229
476
499
618
681
768
918
74
131
189
295
340
352
361
515
522
534
702
823
826
832
932
991
431
473
794
935
984
993
36
103
181
259
261
326
480
662
664
836
942
955
974
4
6
7
371
421
557
595
737
823
887
967
36
117
579
597
608
618
659
670
811
984
168
194
393
416
466
511
520
704
858
165
189
424
506
537
735
747
839
985
1012
23
279
357
627
635
869
976
978
53
71
348
430
581
775
825
101
183
244
265
403
430
467
505
680
753
756
897
1022
45
231
338
465
489
557
608
711
748
832
833
906
912
1010
1015
127
290
300
368
493
508
603
765
789
53
68
283
329
436
455
577
596
710
725
761
780
825
903
0
37
122
536
547
566
799
896
907
1010
243
559
604
665
693
784
997
1007
20
409
544
771
802
828
990
27
32
153
351
495
616
709
757
782
824
894
1007
925
967
8
33
138
375
576
763
817
841
924
292
358
416
429
457
581
585
673
705
736
860
892
941
947
47
209
452
482
706
728
782
979
1016
121
127
190
237
346
642
778
855
926
17
72
81
186
338
529
705
848
889
918
985
1012
302
364
538
618
865
296
378
505
696
710
200
423
466
516
571
786
857
980
90
101
367
483
521
541
591
703
780
808
828
860
92
108
648
60
99
208
234
306
401
446
527
779
1011
188
457
501
530
542
553
600
737
832
862
1014
11
45
63
348
374
642
741
868
964
965
966
967
968
969
970
971
972
973
974
975
976
977
978
979
980
981
982
983
984
985
986
987
988
989
990
991
992
993
994
995
996
997
998
999
1000
1001
1002
1003
1004
1005
1006
1007
1008
1009
1010
1011
1012
1013
1014
1015
1016
1017
1018
1019
1020
1021
1022
1023