8
13
15
7
13
9
13
9
5
9
7
9
13
11
5
14
12
9
11
10
12
12
7
10
8
9
6
15
10
6
10
11
10
12
11
11
7
10
10
10
13
9
11
8
11
10
6
10
8
14
9
12
12
7
10
11
10
17
9
10
14
10
8
13
15
11
15
8
8
13
11
8
6
11
6
8
6
10
6
9
8
12
11
13
14
8
5
12
12
8
15
7
10
8
12
9
12
9
11
10
7
12
6
11
3
13
16
10
10
9
11
14
9
9
8
11
11
10
12
15
5
9
13
10
12
15
11
14
12
10
9
16
5
11
6
13
16
10
9
11
12
12
9
5
15
7
13
12
7
5
13
13
15
8
10
14
12
12
10
13
11
12
13
7
17
12
12
17
12
10
11
9
7
9
10
13
10
10
9
10
13
11
9
11
12
11
13
6
13
10
9
8
8
12
6
3
11
12
9
12
8
11
9
12
8
13
11
5
9
16
10
10
9
13
15
9
10
6
9
13
9
14
13
11
18
7
11
7
9
12
10
12
10
11
8
11
7
10
11
6
9
8
11
5
10
11
11
7
4
11
12
16
11
11
9
8
7
13
6
10
16
11
7
9
11
13
7
13
11
12
12
17
15
9
11
8
9
10
17
17
12
4
11
9
5
5
6
10
21
14
7
9
7
15
13
6
16
14
8
9
12
9
13
6
15
10
11
8
3
9
10
9
10
8
9
10
8
11
10
9
5
11
9
17
7
8
5
10
15
16
9
12
12
12
10
10
10
12
10
8
10
12
7
14
11
14
10
10
6
10
8
12
6
12
8
9
12
8
7
5
7
12
12
5
13
8
16
8
15
12
6
14
9
11
12
7
11
12
12
6
8
7
10
5
11
8
7
9
10
9
2
13
5
18
14
7
9
8
11
7
4
10
10
12
11
6
9
10
7
12
12
13
3
11
10
7
6
7
12
7
10
9
16
11
5
9
8
12
9
14
9
15
7
10
13
8
13
7
8
8
7
9
15
8
15
9
12
14
13
9
12
9
10
6
10
14
10
10
12
10
11
13
7
9
10
9
11
14
15
10
11
9
12
5
13
7
11
7
13
12
9
10
7
5
12
12
11
14
14
17
13
9
17
10
10
16
4
6
10
9
6
7
8
12
7
12
9
8
18
8
5
11
10
16
10
13
11
1
7
14
14
9
11
11
9
5
11
8
9
14
9
10
9
8
7
9
11
10
12
7
11
3
8
8
8
10
10
11
13
8
5
7
6
14
8
7
14
6
9
10
12
14
15
10
10
11
12
9
13
12
7
11
11
10
10
16
14
8
10
10
12
17
6
10
7
10
7
12
5
10
6
9
9
9
10
7
10
11
13
14
2
13
15
8
14
9
10
6
7
12
13
12
7
5
13
12
10
8
12
12
10
10
12
15
9
10
6
11
7
12
9
15
14
4
8
11
10
11
9
5
9
13
10
10
4
11
10
11
12
9
15
8
9
7
13
9
8
11
11
11
10
13
11
11
13
8
11
12
9
4
12
9
9
6
10
11
15
6
13
11
15
10
14
7
12
10
13
10
6
13
16
7
9
9
8
12
7
6
10
8
12
6
7
16
12
10
12
14
9
11
14
10
7
8
9
14
16
13
10
10
13
11
15
15
9
12
9
12
6
6
9
9
13
13
11
16
12
6
6
8
11
12
9
9
11
17
8
12
15
9
14
16
9
11
13
9
10
13
9
15
10
15
9
9
17
11
14
10
6
13
10
11
17
15
9
13
10
5
7
3
14
9
10
11
16
11
9
17
14
5
6
9
9
7
7
9
8
11
7
18
8
14
8
14
10
14
12
5
7
8
11
5
5
10
10
14
11
10
15
14
11
11
12
6
11
9
3
11
11
12
8
13
11
12
18
9
11
13
11
6
8
11
8
13
9
11
7
9
8
9
6
10
11
14
9
14
12
7
14
7
6
10
16
11
10
14
11
9
11
8
10
15
4
10
13
7
9
6
8
13
9
7
14
5
9
9
5
6
17
14
14
6
11
15
9
12
10
9
20
9
12
11
12
10
12
9
9
9
10
9
8
10
8
9
6
4
10
10
8
7
10
10
11
11
9
10
13
13
12
18
14
8
11
10
10
8
13
15
9
6
11
7
7
14
11
9
5
5
14
8
12
10
14
13
14
8
16
8
11
6
14
8
5
13
13
16
5
11
11
10
8
14
11
6
5
7
9
9
6
10
8
13
15
11
12
7
6
18
8
11
7
12
11
16
6
13
11
10
9
10
8
7
13
15
9
14
10
8
7
12
2
9
14
9
9
12
5
5
8
12
3
10
11
68