0
87
160
243
318
399
477
560
651
740
802
885
966
1044
1130
1215
1304
1386
1470
1555
1649
1750
1831
1914
1996
2069
2146
2237
2322
2408
2482
2554
2636
2715
2811
2907
2969
3061
3148
3223
3298
3370
3466
3549
3630
3697
3778
3864
3935
4004
4083
4155
4230
4308
4389
4463
4552
4635
4717
4806
4886
4966
5072
5134
5212
5294
5372
5447
5517
5589
5663
5756
5846
5933
5999
6082
6159
6240
6329
6408
6480
6558
6640
6726
6804
6885
6976
7056
7128
7220
7307
7403
7486
7559
7661
7750
7845
7939
8008
8095
8171
8256
8326
8416
8494
8585
8661
8742
8825
8913
8983
9047
9145
9238
9314
9376
9463
9554
9636
9710
9800
9885
9957
10038
10119
10205
10289
10363
10426
10508
10593
10668
10746
10818
10902
10975
11050
11136
11231
11298
11372
11452
11540
11616
11686
11772
11843
11920
11998
12088
12170
12251
12336
12427
12495
12575
12667
12731
12823
12916
12996
13073
13163
13257
13328
13421
13508
13589
13685
13758
13817
13904
13998
14093
14170
14251
14336
14425
14518
14609
14696
14795
14873
14956
15041
15133
15224
15302
15379
15471
15563
15659
15743
15830
15902
15980
16074
16166
16263
16353
16436
16532
16620
16712
16805
16881
16972
17056
17148
17232
17312
17374
17457
17526
17608
17691
17786
17856
17929
18017
18106
18183
18280
18376
18465
18544
18620
18715
18786
18875
18946
19032
19109
19191
19277
19349
19424
19523
19593
19667
19738
19813
19908
19994
20058
20142
20211
20288
20378
20455
20529
20617
20702
20778
20862
20947
21043
21139
21225
21308
21406
21489
21568
21641
21737
21826
21913
21990
22080
22184
22262
22339
22424
22502
22583
22667
22760
22835
22920
23001
23084
23160
23241
23333
23414
23504
23593
23678
23752
23827
23905
23973
24062
24151
24235
24325
24408
24505
24582
24659
24753
24842
24913
24999
25100
25181
25270
25351
25438
25521
25611
25696
25769
25841
25938
26029
26115
26184
26264
26342
26432
26523
26601
26669
26760
26839
26917
27015
27095
27168
27258
27320
27395
27494
27571
27651
27729
27812
27894
27977
28053
28143
28241
28321
28409
28488
28575
28651
28736
28813
28893
28983
29070
29141
29221
29308
29387
29474
29555
29638
29704
29771
29849
29931
30013
30098
30183
30265
30342
30414
30493
30561
30644
30726
30814
30895
30976
31069
31145
31223
31310
31380
31454
31541
31613
31700
31778
31864
31935
32025
32108
32188
32258
32356
32422
32514
32601
32676
32765
32859
32952
33037
33121
33195
33260
33344
33420
33500
33572
33650
33735
33820
33905
33992
34071
34167
34254
34337
34426
34509
34597
34677
34771
34846
34943
35047
35138
35220
35300
35369
35455
35532
35609
35673
35767
35853
35928
35997
36087
36180
36274
36346
36441
36525
36600
36690
36784
36869
36959
37059
37133
37214
37288
37362
37443
37512
37595
37677
37761
37824
37899
38000
38101
38190
38264
38338
38419
38504
38578
38646
38739
38839
38937
39022
39098
39180
39242
39326
39414
39492
39579
39668
39751
39827
39892
39968
40033
40129
40206
40281
40376
40460
40542
40620
40690
40779
40850
40934
41036
41122
41211
41295
41389
41458
41557
41636
41719
41801
41876
41960
42029
42102
42188
42268
42351
42426
42516
42582
42660
42729
42802
42869
42933
43016
43089
43162
43242
43336
43409
43495
43580
43659
43745
43833
43919
44005
44088
44176
44244
44323
44407
44470
44555
44634
44712
44792
44864
44936
45035
45106
45200
45308
45391
45495
45585
45667
45746
45829
45927
45986
46065
46158
46233
46312
46386
46475
46555
46624
46714
46785
46858
46942
47024
47097
47164
47233
47325
47399
47475
47559
47649
47728
47795
47869
47945
48033
48118
48207
48281
48360
48450
48535
48616
48691
48775
48851
48935
49018
49092
49155
49233
49306
49386
49477
49557
49648
49733
49805
49900
49978
50071
50135
50218
50305
50373
50463
50552
50639
50717
50789
50879
50948
51040
51123
51222
51304
51394
51467
51571
51652
51736
51813
51909
52008
52103
52190
52276
52366
52443
52535
52619
52699
52791
52868
52954
53019
53094
53169
53264
53337
53409
53490
53578
53670
53751
53820
53901
53983
54064
54151
54228
54318
54400
54489
54560
54638
54720
54807
54889
54983
55084
55168
55247
55333
55422
55520
55610
55679
55761
55855
55948
56016
56116
56191
56280
56367
56457
56549
56633
56707
56796
56875
56959
57050
57135
57226
57294
57373
57444
57539
57620
57702
57801
57864
57940
58002
58087
58158
58241
58328
58406
58488
58564
58659
58738
58823
58905
58976
59052
59135
59211
59284
59363
59435
59529
59620
59688
59757
59844
59939
60026
60101
60185
60268
60343
60430
60505
60581
60665
60739
60812
60893
60981
61069
61153
61229
61322
61401
61485
61579
61670
61750
61826
61905
61978
62054
62136
62228
62322
62414
62500
62579
62653
62733
62820
62898
62997
63083
63167
63239
63326
63403
63489
63563
63639
63719
63798
63897
63971
64068
64152
64226
64315
64398
64482
64565
64649
64712
64788
64873
64948
65024
65094
65169
65266
65338
65418
65511
65587
65663
65736
65838
65917
65998
66061
66126
66199
66290
66381
66466
66557
66660
66747
66822
66921
66995
67079
67166
67235
67308
67387
67452
67549
67635
67723
67803
67875
67949
68038
68118
68186
68261
68353
68432
68524
68584
68673
68765
68844
68929
69013
69090
69175
69261
69356
69430
69523
69611
69712
69807
69898
69988
70078
70164
70260
70346
70432
70509
70600
70677
70746
70832
70913
71004
71084
71149
71243
71312
71398
71485
71571
71656
71749
71825
71914
71993
72065
72148
72243
72338
72418
72498
72583
72680
72777
72854
72958
73043
73130
73208
73293
73378
73454
73528
73605
73696
73778
73860
73932
74015
74110
74194
74263
74351
74424
74490
74575
74644
74732
74818
74906
74985
75059
75128
75217
75293
75385
75450
75530
75621
75707
75788
75869
75951
76033
76121
76196
76283
76380
76449
76537
76644
76732
76817
76918
76991
77077
77144
77225
77315
77405
77486
77581
77671
77756
77833
77907
77994
78066
78161
78240
78324
78401
78479
78569
78642
78739
78833
78906
78993
79069
79147
79229
79304
79386
79458
79533
79604
79670
79742
79807
79887
79980
80070
80143
80252
80346
80424
80509
80592
80669
80757
80838
80929
81005
81086
81189
81257
81338
81411
81490
81575
81652
81737
81824
81922
82012
82081
82146
82241
82319
82398
82487
82568
82658
82737
82820
82911
82993
83079
83156
83236
83322
83419
83503
83577
83649
83733
83814
83905
83976
84063
84161
84254
84338
84420
84509
84600
84699
84768
84846
84934
85010
85082
85171
85242
85321
85399
85494
85583
85662
85755
85840
85912
85991
86078
86170
86248
86318
86408
86478
86560
86639
86721
86821
86897
86960
87046
87121
87191
87254
87344
87413
87495
87572
87646
87712
87810
87893
87962
88060
88147
88213
88292
88381
88466
88534
88622
88713
88803
88883
88971
89049
89127
89213
89294
89382
89466
89549
89629
89714
89787
89873
89961
90044
90124
90205
90287
90370
90469
90555
90622
90693
90767
90846
90931
91018
91084
91167
91245
91315
91396
91481
91569
91646
91728
91817
91899
91980
92071
92163
92238
92323
92403
92498
92564
92644
92724
92807
92906
93004
93073
93139
93234
93302
93379
93463
93550
93645
93732
93812
93888
93968
94035
94118
94205
94280
94368
94461
94548
94622
94700
94778
94860
94955
95036
95108
95191
95270
95354
95428
95491
95584
95676
95759
95845
95941
96034
96117
96202
96284
96366
96455
96540
96612
96687
96775
96846
96930
96979
97066
97155
97236
97322
97403
97488
97567
97650
97734
97819
97911
97993
98090
98182
98264
98338
98417
98510
98604
98696
98769
98843
98932
99014
99086
99164
99230
99313
99371
99458
99549
99626
99703
99789
99844
99936
100017
100098
100181
100249
100331
100405
100489
100582
100670
100731
100819
100903
100987
101067
101144
101231
101304
101388
101484
101578
101641
101725
101804
101891
101972
102050
102133
102211
102290
102374
102454
102547
102630
102722
102808
102890
102970
103054
103128
103197
103301
103392
103478
103563
103648
103736
103817
103902
104009
104095
104177
104257
104338
104415
104494
104582
104665
104754
104844
104926
105001
105068
105145
105222
105314
105395
105481
105564
105640
105712
105796
105889
105968
106052
106135
106214
106285
106348
106430
106535
106619
106690
106757
106841
106928
107012
107108
107195
107290
107359
107441
107519
107588
107671
107758
107830
107904
107991
108066
108132
108201
108297
108375
108450
108530
108596
108665
108756
108835
108903
109009
109086
109160
109243
109306
109383
109469
109546
109634
109717
109791
109878
109958
110047
110127
110215
110303
110370
110451
110544
110614
110685
110763
110850
110936
111015
111090
111174
111251
111346
111429
111508
111592
111671
111762
111849
111926
112017
112112
112205
112272
112354
112449
112527
112618
112694
112774
112851
112941
113026
113105
113194
113276
113338
113446
113537
113621
113709
113786
113875
113968
114052
114125
114202
114285
114386
114458
114544
114620
114702
114787
114880
114960
115042
115130
115199
115292
115366
115437
115520
115592
115674
115774
115853
115926
116008
116086
116177
116259
116347
116437
116530
116615
116701
116770
116852
116926
117015
117095
117180
117258
117342
117418
117489
117573
117658
117725
117804
117881
117964
118041
118116
118192
118267
118340
118420
118516
118599
118677
118757
118841
118939
119005
119098
119171
119267
119344
119431
119517
119591
119665
119730
119806
119901
119976
120052
120127
120212
120305
120396
120472
120554
120633
120716
120794
120882
120973
121055
121141
121231
121315
121396
121484
121584
121691
121774
121873
121957
122046
122121
122201
122280
122372
122433
122524
122614
122706
122786
122861
122952
123035
123125
123204
123296
123369
123460
123526
123609
123687
123756
123827
123928
123994
124069
124158
124244
124333
124410
124487
124557
124650
124719
124813
124895
124967
125056
125144
125243
125333
125408
125490
125568
125657
125741
125831
125916
126002
126096
126192
126273
126359
126433
126512
126586
126665
126756
126836
126917
126996
127076
127134
127221
127301
127362
127451
127524
127599
127670
127738
127831
127900
127992
128074
128159
128229
128317
128403
128506
128580
128668
128760
128855
128920
128999
129089
129170
129248
129324
129402
129495
129564
129651
129736
129822
129918
129986
130060
130141
130220
130317
130395
130477
130561
130643
130716
130818
130898
130986
131070
131140
131226
131316
131388
131459
131529
131622
131694
131776
131861
131951
132026
132105
132186
132259
132328
132400
132469
132551
132635
132720
132811
132895
132967
133055
133123
133199
133295
133374
133438
133514
133593
133677
133758
133845
133929
134014
134090
134162
134243
134327
134411
134488
134600
134695
134794
134880
134965
135048
135130
135208
135296
135357
135445
135529
135607
135690
135766
135854
135936
136028
136120
136211
136282
136370
136453
136543
136620
136695
136798
136879
136959
137037
137119
137212
137283
137368
137431
137498
137587
137674
137775
137848
137935
138006
138094
138172
138251
138339
138411
138497
138594
138671
138761
138862
138936
139023
139112
139194
139265
139319
139414
139524
139596
139675
139761
139840
139920
140018
140097
140190
140278
140359
140443
140532
140618
140686
140771
140841
140914
141006
141077
141155
141232
141313
141401
141489
141565
141654
141736
141794
141877
141958
142049
142127
142209
142296
142378
142448
142530
142615
142695
142772
142858
142943
143020
143115
143185
143261
143351
143429
143514
143587
143687
143784
143862
143942
144011
144090
144169
144266
144344
144416
144500
144574
144660
144748
144814
144893
144975
145080
145150
145216
145280
145368
145435
145530
145613
145688
145764
145857
145933
146018
146089
146165
146260
146338
146412
146506
146604
146669
146754
146845
146928
147025
147109
147187
147263
147343
147430
147504
147582
147667
147755
147842
147919
148005
148081
148144
148220
148292
148373
148455
148534
148620
148694
148778
148864
148938
149028
149108
149206
149277
149363
149435
149514
149588
149666
149749
149827
149921
150008
150087
150165
150252
150336
150437
150509
150607
150680
150757
150835
150911
151002
151088
151168
151231
151313
151411
151492
151582
151671
151752
151840
151919
151996
152075
152158
152233
152322
152395
152474
152573
152670
152763
152835
152915
152989
153092
153190
153257
153333
153409
153501
153590
153666
153769
153845
153921
154000
154073
154136
154224
154313
154381
154456
154525
154599
154671
154739
154827
154908
154978
155067
155138
155213
155288
155369
155451
155540
155607
155698
155804
155889
155986
156072
156157
156261
156356
156432
156517
156589
156684
156753
156852
156932
157003
157073
157150
157220
157301
157376
157441
157515
157583
157683
157747
157805
157886
157972
158055
158136
158222
158304
158383
158464
158536
158623
158721
158797
158882
158960
159048
159132
159204
159286
159372
159439
159542
159618
159702
159778
159862
159950
160040
160115
160197
160287
160368
160457
160530
160606
160684
160762
160851
160928
161000
161088
161184
161259
161341
161434
161531
161603
161695
161765
161833
161918
162021
162114
162202
162287
162369
162460
162546
162619
162698
162772
162841
162917
163005
163084
163160
163237
163324
163416
163500
163591
163678
163769
163847
163922
163999
164085
164173
164254
164338
164424
164508
164603
164674
164778
164864
164937
165008
165090
165170
165255
165332
165430
165501
165594
165685
165767
165844
165930
166013
166095
166181
166253
166344
166416
166489
166558
166633
166724
166802
166885
166976
167055
167142
167229
167301
167372
167464
167560
167634
167711
167782
167858
167938
168019
168080
168160
168230
168303
168388
168473
168555
168636
168729
168807
168886
168967
169049
169136
169205
169276
169368
169443
169525
169611
169689
169767
169853
169934
170032
170101
170180
170254
170326
170404
170481
170563
170651
170737
170834
170913
171001
171078
171168
171231
171316
171378
171461
171532
171605
171688
171775
171854
171937
172029
172119
172185
172254
172341
172429
172530
172626
172708
172777
172843
172930
173019
173096
173180
173272
173347
173420
173497
173581
173662
173737
173812
173894
173973
174039
174125
174228
174310
174393
174463
174543
174617
174709
174788
174855
174947
175035
175108
175198
175282
175355
175442
175512
175593
175681
175761
175849
175933
176016
176091
176149
176250
176325
176396
176474
176551
176651
176725
176811
176900
176979
177057
177139
177226
177296
177374
177471
177560
177659
177735
177817
177902
177976
178065
178145
178236
178321
178403
178479
178553
178637
178721
178804
178890
178990
179074
179150
179239
179329
179400
179481
179566
179637
179709
179800
179886
179964
180037
180112
180187
180262
180336
180413
180490
180582
180665
180767
180865
180963
181053
181128
181220
181308
181384
181460
181538
181624
181698
181779
181863
181943
182019
182101
182193
182282
182357
182453
182524
182596
182681
182760
182839
182930
183014
183098
183190
183253
183336
183415
183505
183588
183664
183745
183824
183909
183988
184066
184136
184237
184315
184405
184482
184564
184635
184719
184792
184853
184952
185042
185114
185202
185274
185370
185446
185522
185615
185701
185799
185889
185968
186050
186125
186207
186305
186389
186483
186558
186643
186737
186820
186902
186979
187057
187139
187214
187305
187382
187458
187540
187619
187714
187797
187865
187947
188019
188087
188162
188229
188304
188392
188476
188549
188622
188719
188797
188874
188946
189003
189080
189158
189243
189316
189402
189476
189555
189636
189699
189787
189857
189938
190016
190096
190182
190279
190356
190427
190527
190591
190677
190750
190831
190911
190985
191080
191164
191241
191311
191384
191457
191532
191603
191684
191773
191850
191933
192034
192127
192216
192305
192379
192469
192555
192660
192731
192815
192899
192976
193054
193125
193206
193275
193341
193415
193494
193573
193642
193732
193809
193906
193986
194072
194152
194247
194327
194392
194467
194555
194626
194710
194794
194873
194964
195038
195128
195219
195313
195402
195495
195571
195644
195732
195822
195913
195982
196056
196140
196209
196297
196379
196462
196545
196639
196716
196789
196869
196932
197012
197092
197175
197255
197343
197429
197516
197592
197670
197746
197829
197908
197994
198091
198156
198244
198309
198394
198478
198559
198632
198714
198798
198893
198983
199063
199151
199224
199315
199395
199489
199552
199628
199707
199778
199863
199930
199995
200061
200132
200209
200285
200362
200445
200526
200622
200699
200775
200867
200950
201023
201101
201181
201260
201340
201425
201515
201584
201659
201738
201822
201902
201983
202081
202164
202237
202311
202392
202484
202571
202653
202716
202804
202878
202971
203062
203133
203231
203311
203393
203497
203586
203674
203746
203820
203900
203979
204059
204142
204225
204313
204399
204468
204542
204617
204694
204779
204855
204933
205013
205098
205175
205254
205339
205418
205495
205572
205649
205723
205802
205889
205974
206054
206155
206232
206326
206403
206483
206559
206643
206734
206816
206905
206997
207088
207171
207253
207337
207403
207477
207556
207643
207716
207796
207886
207956
208015
208090
208175
208256
208330
208404
208485
208552
208634
208731
208819
208895
208986
209065
209150
209234
209325
209405
209484
209562
209626
209708
209794
209891
209978
210080
210164
210262
210351
210432
210518
210617
210703
210782
210874
210958
211057
211132
211208
211291
211385
211470
211555
211632
211713
211818
211897
211981
212039
212123
212201
212281
212359
212426
212502
212571
212661
212725
212804
212878
212958
213033
213117
213207
213288
213371
213456
213529
213601
213684
213760
213844
213939
214017
214091
214163
214256
214350
214434
214521
214613
214699
214777
214858
214951
215037
215119
215199
215283
215366
215457
215539
215628
215714
215811
215893
215970
216061
216142
216219
216292
216370
216456
216521
216607
216679
216752
216840
216925
217005
217089
217182
217267
217354
217429
217510
217600
217662
217731
217828
217913
217969
218032
218095
218184
218257
218337
218411
218487
218568
218651
218744
218829
218920
219002
219089
219162
219248
219333
219420
219489
219590
219682
219759
219843
219954
220028
220124
220215
220292
220377
220460
220554
220622
220708
220785
220872
220942
221026
221114
221191
221274
221361
221434
221511
221601
221687
221765
221839
221921
221987
222078
222160
222240
222324
222401
222476
222559
222644
222715
222785
222887
222983
223058
223131
223205
223286
223361
223450
223533
223611
223688
223762
223832
223905
223990
224062
224143
224215
224286
224372
224451
224535
224616
224695
224790
224873
224955
225029
225114
225188
225269
225347
225419
225514
225590
225666
225753
225825
225914
225980
226066
226150
226218
226316
226392
226484
226573
226660
226740
226829
226911
227007
227100
227187
227277
227349
227416
227487
227567
227664
227761
227850
227933
228011
228087
228163
228250
228324
228425
228520
228593
228673
228755
228837
228930
229030
229106
229192
229270
229335
229423
229502
229567
229660
229744
229828
229915
230006
230085
230166
230261
230343
230421
230482
230542
230627
230711
230808
230880
230972
231047
231113
231180
231265
231339
231440
231528
231619
231696
231781
231872
231947
232029
232115
232201
232285
232373
232465
232557
232648
232733
232815
232895
232976
233034
233133
233218
233292
233363
233427
233499
233584
233671
233759
233832
233911
233992
234068
234159
234236
234300
234380
234460
234531
234623
234703
234801
234878
234956
235029
235134
235230
235321
235413
235488
235569
235635
235714
235797
235870
235942
236016
236103
236185
236255
236350
236430
236501
236574
236669
236748
236807
236880
236977
237059
237143
237230
237308
237405
237489
237566
237623
237704
237782
237865
237950
238039
238104
238180
238258
238344
238423
238520
238606
238682
238765
238835
238898
238987
239078
239158
239240
239325
239394
239468
239546
239634
239714
239786
239891
239972
240055
240131
240222
240303
240378
240461
240535
240631
240692
240782
240854
240930
241007
241093
241179
241273
241359
241437
241531
241620
241700
241782
241861
241938
242027
242108
242193
242268
242334
242409
242503
242599
242675
242759
242821
242906
242986
243078
243152
243235
243319
243405
243485
243568
243661
243742
243826
243906
243977
244072
244138
244218
244304
244387
244464
244555
244638
244730
244814
244915
245006
245077
245150
245242
245323
245431
245513
245589
245655
245726
245816
245890
245965
246048
246129
246222
246316
246395
246471
246538
246618
246705
246792
246876
246988
247056
247139
247226
247302
247372
247468
247555
247631
247715
247805
247889
247978
248051
248114
248180
248250
248323
248426
248511
248588
248661
248762
248837
248914
249001
249079
249161
249232
249324
249412
249490
249575
249653
249732
249812
249911
249979
250070
250173
250238
250337
250424
250504
250580
250673
250764
250840
250923
251007
251097
251173
251267
251342
251427
251494
251566
251648
251727
251800
251881
251962
252053
252120
252205
252274
252356
252455
252543
252622
252706
252786
252859
252957
253027
253107
253197
253263
253345
253419
253513
253581
253668
253741
253823
253899
253983
254073
254155
254237
254324
254404
254493
254583
254652
254727
254792
254872
254961
255017
255099
255167
255246
255344
255417
255488
255571
255654
255742
255827
255921
256000
256097
256179
256275
256363
256435
256512
256602
256677
256753
256845
256935
257031
257098
257179
257263
257354
257442
257515
257597
257678
257756
257833
257911
258015
258089
258180
258260
258339
258433
258497
258584
258653
258738
258816
258925
259007
259093
259174
259243
259343
259427
259498
259575
259655
259725
259816
259910
259994
260076
260135
260203
260287
260387
260476
260554
260651
260744
260835
260914
261003
261085
261175
261259
261352
261420
261513
261599
261688
261775
261861
261935
262019
262097
262173
262264
262342
262414
262510
262595
262678
262754
262829
262934
263009
263073
263164
263260
263350
263421
263509
263600
263674
263758
263840
263927
264011
264092
264176
264264
264337
264404
264473
264552
264632
264709
264791
264859
264965
265061
265146
265218
265293
265372
265453
265527
265606
265691
265777
265863
265946
266043
266123
266191
266281
266357
266430
266501
266575
266665
266737
266824
266908
266989
267082
267170
267251
267342
267420
267514
267576
267660
267759
267827
267909
268001
268082
268170
268244
268340
268409
268500
268582
268658
268725
268807
268891
268977
269065
269138
269211
269289
269373
269463
269538
269619
269707
269783
269855
269937
270014
270096
270163
270253
270331
270418
270506
270595
270672
270749
270840
270919
270992
271070
271148
271233
271316
271401
271479
271556
271639
271729
271809
271888
271977
272046
272138
272222
272296
272374
272457
272543
272614
272696
272790
272878
272963
273052
273123
273205
273286
273366
273441
273527
273603
273697
273772
273857
273940
274036
274122
274198
274295
274383
274454
274539
274620
274702
274770
274855
274932
275018
275111
275188
275284
275370
275442
275525
275614
275692
275772
275876
275955
276034
276107
276177
276249
276317
276398
276463
276545
276615
276684
276767
276859
276943
277034
277107
277197
277279
277357
277436
277514
277605
277689
277764
277863
277938
278026
278108
278178
278266
278362
278437
278531
278621
278703
278770
278845
278936
278995
279075
279144
279222
279296
279373
279453
279555
279658
279736
279818
279915
279986
280046
280126
280204
280271
280348
280428
280507
280581
280662
280747
280819
280901
280970
281050
281124
281204
281288
281373
281449
281544
281636
281719
281802
281879
281959
282042
282137
282225
282299
282381
282467
282545
282624
282708
282785
282874
282956
283060
283126
283212
283286
283363
283429
283520
283597
283694
283781
283839
283926
283993
284076
284151
284234
284304
284397
284486
284577
284654
284733
284814
284901
284984
285086
285186
285273
285344
285425
285503
285574
285654
285733
285826
285917
286012
286088
286178
286254
286336
286412
286500
286585
286658
286735
286813
286873
286948
287041
287130
287217
287300
287378
287465
287554
287635
287730
287816
287893
287984
288068
288145
288232
288310
288396
288489
288565
288661
288742
288817
288913
288995
289073
289150
289233
289304
289394
289464
289536
289607
289691
289774
289853
289938
290028
290114
290209
290278
290360
290428
290520
290595
290675
290755
290836
290910
291000
291092
291172
291247
291323
291415
291485
291573
291657
291735
291815
291904
291981
292064
292149
292226
292299
292381
292475
292553
292641
292731
292809
292902
292999
293077
293158
293243
293337
293424
293509
293585
293672
293737
293820
293890
293978
294052
294156
294223
294298
294389
294469
294553
294645
294721
294792
294857
294938
295025
295111
295206
295299
295388
295464
295548
295628
295698
295796
295881
295960
296057
296140
296227
296305
296383
296464
296548
296624
296708
296786
296860
296931
297024
297106
297189
297274
297353
297418
297500
297578
297667
297747
297819
297906
297995
298078
298171
298256
298333
298413
298496
298575
298664
298731
298804
298880
298960
299030
299115
299207
299293
299382
299476
299555
299650
299716
299787
299866
299957
300036
300102
300194
300278
300358
300446
300532
300612
300705
300776
300843
300917
300992
301084
301174
301273
301344
301416
301508
301591
301676
301739
301800
301874
301961
302031
302115
302189
302257
302345
302427
302512
302599
302677
302760
302821
302899
302980
303054
303136
303233
303314
303388
303474
303568
303656
303753
303846
303941
304016
304088
304175
304265
304348
304446
304526
304603
304681
304766
304838
304905
304978
305044
305112
305199
305272
305358
305436
305542
305614
305688
305766
305843
305913
306003
306092
306179
306261
306345
306415
306509
306583
306676
306752
306820
306915
306981
307061
307132
307225
307294
307351
307424
307524
307593
307691
307785
307875
307953
308043
308129
308209
308304
308384
308474
308568
308652
308739
308803
308879
308971
309051
309149
309229
309302
309393
309481
309555
309650
309723
309801
309876
309964
310058
310139
310226
310310
310397
310477
310565
310663
310734
310813
310891
310980
311065
311150
311234
311324
311410
311483
311564
311646
311715
311806
311873
311950
312043
312148
312240
312319
312405
312471
312542
312626
312699
312773
312845
312925
312996
313074
313151
313247
313325
313398
313471
313550
313632
313724
313806
313893
313966
314043
314114
314187
314270
314349
314436
314527
314607
314699
314785
314881
314958
315034
315118
315194
315272
315371
315455
315527
315620
315716
315783
315874
315971
316051
316127
316210
316297
316381
316479
316556
316630
316704
316768
316834
316905
316994
317085
317159
317258
317334
317419
317497
317594
317678
317764
317839
317917
318011
318097
318193
318279
318367
318470
318546
318644
318716
318807
318901
318972
319043
319132
319209
319296
319371
319465
319566
319661
319769
319854
319922
320001
320077
320150
320220
320298
320384
320469
320554
320626
320713
320795
320881
320951
321044
321118
321218
321299
321382
321453
321537
321610
321703
321785
321885
321967
322066
322144
322222
322309
322397
322492
322559
322624
322697
322781
322856
322946
323028
323101
323186
323261
323343
323412
323500
323577
323651
323730
323824
323907
323979
324069
324172
324267
324347
324417
324514
324599
324683
324751
324829
324908
324990
325086
325151
325222
325291
325366
325448
325519
325602
325684
325768
325859
325933
326011
326081
326166
326250
326349
326443
326533
326633
326703
326806
326888
326967
327038
327133
327213
327299
327395
327478
327570
327651
327740
327847
327911
327989
328074
328145
328228
328308
328398
328498
328585
328649
328726
328799
328879
328965
329049
329124
329195
329281
329344
329424
329514
329582
329664
329752
329821
329892
329961
330032
330113
330194
330282
330351
330422
330508
330599
330689
330781
330870
330953
331037
331128
331204
331280
331348
331427
331505
331596
331676
331768
331850
331935
332028
332104
332172
332256
332333
332420
332501
332593
332682
332756
332831
332911
332996
333081
333158
333245
333339
333410
333480
333560
333646
333735
333810
333904
333987
334090
334169
334249
334315
334406
334477
334562
334644
334732
334817
334890
334968
335039
335122
335214
335285
335367
335445
335546
335620
335700
335780
335862
335948
336028
336115
336204
336292
336379
336460
336546
336622
336716
336808
336895
336982
337061
337152
337243
337321
337410
337509
337591
337660
337759
337837
337914
337982
338061
338151
338219
338300
338381
338476
338550
338636
338698
338775
338865
338945
339026
339102
339176
339264
339349
339423
339508
339590
339662
339729
339807
339881
339944
340033
340092
340166
340245
340322
340396
340480
340572
340654
340746
340814
340914
341006
341099
341175
341253
341335
341412
341499
341572
341638
341722
341818
341897
341983
342066
342127
342193
342285
342367
342430
342507
342599
342688
342774
342866
342942
343042
343152
343232
343326
343416
343500
343601
343693
343787
343861
343958
344039
344121
344202
344283
344352
344430
344515
344599
344688
344758
344833
344911
344997
345071
345160
345252
345328
345400
345489
345582
345672
345759
345835
345909
345986
346073
346137
346218
346306
346377
346468
346535
346624
346702
346778
346861
346942
347029
347116
347205
347279
347373
347467
347560
347655
347744
347828
347898
347985
348053
348128
348222
348304
348383
348458
348543
348624
348720
348808
348887
348965
349042
349122
349203
349278
349372
349456
349540
349627
349703
349775
349848
349924
349989
350083
350155
350235
350308
350375
350440
350528
350599
350689
350776
350865
350950
351026
351128
351200
351289
351389
351472
351559
351621
351690
351766
351841
351924
352014
352100
352186
352280
352365
352447
352522
352593
352678
352759
352836
352915
352997
353101
353176
353240
353341
353422
353504
353588
353665
353749
353825
353892
353973
354052
354112
354196
354282
354367
354459
354550
354622
354714
354793
354897
354980
355048
355134
355206
355285
355381
355459
355549
355626
355717
355809
355892
355965
356056
356134
356211
356297
356387
356463
356543
356617
356691
356771
356849
356921
356990
357071
357170
357259
357338
357427
357500
357588
357673
357745
357821
357916
358003
358089
358163
358244
358324
358405
358473
358562
358643
358721
358815
358901
358966
359051
359135
359213
359312
359398
359462
359560
359628
359710
359783
359876
359958
360042
360118
360196
360287
360359
360443
360520
360583
360654
360722
360801
360880
360964
361041
361125
361201
361282
361383
361454
361531
361608
361690
361762
361838
361926
362010
362100
362177
362252
362325
362403
362473
362544
362622
362711
362796
362873
362954
363036
363113
363192
363268
363358
363454
363523
363608
363697
363769
363847
363931
364022
364089
364173
364246
364328
364404
364485
364568
364655
364741
364831
364901
364985
365069
365153
365241
365309
365372
365442
365530
365604
365675
365768
365855
365941
366022
366118
366202
366294
366363
366446
366533
366600
366689
366773
366861
366950
367039
367137
367219
367301
367381
367478
367566
367651
367756
367830
367911
367997
368070
368150
368230
368332
368422
368497
368586
368661
368739
368812
368897
368982
369069
369149
369230
369324
369395
369465
369534
369612
369688
369761
369832
369912
369985
370064
370158
370234
370330
370420
370496
370580
370662
370753
370829
370915
371001
371070
371147
371236
371322
371403
371486
371559
371627
371705
371786
371866
371944
372032
372118
372204
372264
372350
372419
372505
372586
372666
372767
372844
372934
373022
373110
373186
373271
373357
373429
373511
373589
373677
373764
373843
373916
374006
374095
374176
374252
374328
374422
374512
374572
374649
374724
374796
374898
374989
375061
375163
375253
375335
375409
375478
375571
375658
375746
375818
375901
375995
376092
376179
376257
376336
376415
376493
376582
376655
376741
376831
376911
376995
377076
377154
377252
377333
377407
377492
377576
377647
377758
377833
377902
377987
378065
378151
378232
378320
378413
378510
378572
378652
378739
378811
378883
378978
379053
379132
379205
379286
379362
379441
379528
379607
379686
379743
379839
379933
380013
380090
380174
380262
380340
380413
380489
380582
380673
380762
380830
380917
381006
381093
381180
381265
381354
381431
381509
381606
381692
381767
381846
381936
382032
382116
382198
382272
382363
382439
382512
382604
382697
382789
382884
382964
383048
383120
383202
383287
383366
383437
383515
383590
383681
383750
383821
383910
383985
384067
384156
384221
384290
384355
384438
384520
384592
384676
384765
384846
384925
385011
385097
385179
385257
385336
385423
385517
385589
385660
385734
385813
385901
385973
386045
386123
386199
386280
386357
386444
386522
386593
386681
386758
386831
386905
386982
387064
387149
387224
387316
387418
387492
387578
387668
387759
387849
387924
388026
388103
388194
388272
388360
388442
388533
388627
388697
388791
388879
388981
389058
389133
389208
389282
389371
389448
389529
389613
389701
389781
389848
389928
389986
390071
390153
390241
390323
390413
390483
390562
390639
390711
390807
390897
390971
391042
391118
391202
391292
391377
391454
391550
391634
391718
391794
391872
391952
392037
392121
392205
392273
392348
392433
392500
392575
392652
392733
392822
392910
392979
393055
393120
393215
393305
393376
393472
393557
393638
393723
393812
393890
393957
394056
394133
394212
394302
394394
394470
394556
394630
394719
394798
394871
394953
395038
395134
395209
395286
395393
395478
395566
395646
395738
395805
395896
395974
396063
396143
396220
396303
396383
396467
396544
396639
396726
396799
396875
396962
397048
397127
397219
397299
397373
397454
397538
397626
397711
397794
397876
397954
398046
398125
398201
398294
398378
398443
398524
398611
398686
398765
398867
398948
399032
399114
399188
399259
399330
399427
399496
399565
399651
399733
399814
399898
399990
400089
400164
400244
400325
400417
400501
400568
400647
400729
400815
400904
400974
401054
401130
401208
401293
401381
401475
401559
401647
401728
401807
401913
402000
402081
402170
402251
402324
402406
402488
402569
402646
402727
402820
402902
402974
403056
403142
403233
403307
403404
403487
403575
403655
403737
403818
403902
403980
404061
404124
404203
404301
404387
404468
404564
404649
404731
404807
404894
404966
405050
405125
405203
405280
405353
405440
405522
405597
405688
405777
405853
405937
406017
406101
406174
406261
406322
406403
406497
406573
406639
406725
406807
406869
406948
407054
407132
407221
407299
407383
407466
407537
407613
407698
407761
407848
407933
407996
408068
408161
408253
408320
408421
408496
408576
408648
408738
408820
408899
408995
409092
409168
409251
409332
409410
409468
409574
409636
409723
409784
409870
409942
410026
410103
410176
410254
410340
410419
410499
410595
410674
410749
410831
410907
410977
411055
411127
411210
411297
411363
411450
411549
411627
411697
411779
411857
411943
412031
412108
412192
412274
412361
412437
412527
412607
412681
412782
412867
412950
413033
413119
413203
413286
413360
413450
413538
413626
413719
413801
413889
413961
414033
414112
414186
414276
414355
414437
414514
414584
414668
414752
414838
414910
414995
415083
415172
415246
415346
415433
415500
415579
415663
415748
415826
415918
415986
416064
416137
416232
416311
416389
416475
416555
416650
416723
416804
416880
416971
417050
417126
417212
417294
417384
417472
417562
417658
417760
417824
417906
417985
418057
418128
418197
418273
418348
418439
418531
418601
418674
418754
418833
418920
419002
419100
419189
419267
419356
419441
419524
419587
419666
419747
419835
419890
419971
420057
420138
420219
420312
420377
420456
420543
420629
420707
420792
420874
420941
421024
421105
421175
421248
421322
421400
421501
421569
421654
421723
421807
421879
421966
422053
422145
422226
422330
422422
422495
422579
422663
422761
422834
422928
423015
423103
423190
423269
423357
423451
423529
423619
423698
423801
423879
423965
424035
424102
424177
424262
424348
424435
424511
424589
424673
424743
424823
424886
424963
425052
425145
425226
425307
425380
425471
425551
425641
425727
425795
425882
425953
426025
426101
426180
426270
426362
426449
426522
426604
426704
426792
426867
426942
427023
427096
427186
427268
427342
427415
427494
427582
427665
427759
427843
427933
428010
428099
428173
428229
428317
428405
428497
428570
428653
428743
428823
428893
428982
429039
429128
429202
429282
429367
429456
429539
429616
429688
429751
429846
429931
430010
430115
430199
430283
430365
430462
430526
430591
430684
430776
430862
430934
431025
431110
431180
431258
431339
431425
431520
431596
431677
431777
431843
431921
432019
432097
432194
432275
432354
432439
432523
432633
432712
432790
432873
432951
433025
433102
433185
433268
433341
433411
433490
433562
433651
433726
433816
433896
433976
434066
434145
434222
434311
434391
434466
434542
434620
434703
434777
434852
434942
435024
435089
435179
435243
435315
435410
435486
435567
435630
435709
435780
435849
435930
436010
436105
436185
436270
436356
436442
436504
436600
436695
436766
436862
436938
437020
437101
437188
437256
437339
437432
437519
437610
437672
437746
437822
437911
437986
438073
438143
438234
438320
438385
438458
438537
438632
438705
438780
438851
438932
439011
439092
439188
439265
439348
439441
439517
439596
439677
439765
439861
439940
440014
440101
440175
440242
440335
440404
440501
440597
440675
440771
440855
440941
441023
441102
441188
441267
441343
441412
441505
441584
441661
441739
441820
441887
441957
442036
442131
442189
442281
442370
442458
442523
442603
442681
442763
442850
442926
443003
443107
443197
443301
443383
443461
443533
443610
443683
443758
443840
443946
444027
444110
444187
444279
444360
444433
444512
444589
444683
444751
444843
444933
445014
445086
445175
445249
445327
445394
445477
445565
445649
445738
445813
445905
445985
446063
446142
446216
446292
446375
446472
446554
446628
446702
446792
446870
446960
447039
447134
447202
447267
447361
447440
447514
447599
447671
447760
447854
447930
448005
448092
448167
448248
448325
448404
448476
448549
448641
448720
448806
448879
448961
449043
449111
449179
449269
449344
449430
449502
449599
449677
449770
449839
449925
449996
450084
450174
450260
450336
450426
450514
450590
450668
450749
450843
450933
451037
451128
451234
451298
451389
451474
451553
451656
451738
451815
451897
451965
452038
452106
452181
452266
452341
452418
452497
452581
452659
452744
452826
452908
452990
453070
453166
453255
453326
453412
453499
453581
453668
453741
453825
453896
453975
454058
454135
454215
454286
454368
454451
454532
454615
454703
454793
454873
454964
455054
455127
455197
455261
455356
455443
455523
455610
455696
455780
455859
455941
456032
456103
456183
456256
456321
456390
456468
456557
456630
456711
456783
456854
456924
457004
457084
457172
457230
457307
457389
457465
457544
457622
457698
457772
457854
457934
458008
458079
458162
458243
458311
458393
458467
458563
458645
458730
458813
458894
458985
459061
459149
459229
459322
459399
459486
459568
459635
459703
459783
459862
459943
460034
460108
460192
460272
460344
460425
460515
460599
460687
460781
460870
460958
461036
461117
461212
461304
461379
461460
461551
461635
461726
461808
461890
461973
462061
462141
462219
462305
462389
462471
462546
462626
462707
462794
462876
462954
463021
463104
463196
463293
463375
463449
463523
463598
463686
463761
463839
463922
463985
464066
464155
464243
464308
464392
464476
464563
464642
464730
464829
464914
464992
465089
465170
465249
465332
465419
465497
465588
465668
465748
465817
465911
465974
466050
466132
466217
466301
466383
466461
466547
466629
466718
466799
466881
466962
467046
467127
467207
467283
467357
467436
467528
467618
467726
467812
467895
467979
468060
468133
468215
468293
468366
468460
468534
468629
468702
468781
468871
468940
469008
469099
469178
469277
469354
469445
469535
469600
469681
469774
469839
469926
470015
470098
470164
470253
470338
470415
470499
470596
470681
470756
470819
470892
470986
471067
471132
471212
471305
471400
471488
471583
471664
471756
471851
471941
472016
472103
472193
472277
472362
472444
472536
472621
472701
472791
472867
472958
473058
473137
473214
473298
473393
473495
473584
473663
473745
473829
473920
473995
474089
474173
474273
474345
474438
474525
474586
474666
474743
474825
474905
474978
475057
475150
475243
475315
475393
475474
475552
475637
475738
475819
475903
475999
476066
476140
476223
476304
476402
476482
476556
476630
476712
476785
476851
476925
477002
477076
477156
477248
477329
477401
477475
477561
477652
477744
477841
477915
477999
478078
478172
478256
478331
478422
478504
478583
478661
478741
478820
478894
478982
479075
479159
479254
479329
479429
479515
479596
479684
479774
479847
479933
480007
480075
480153
480231
480319
480401
480479
480555
480627
480706
480778
480874
480975
481055
481154
481231
481313
481390
481476
481552
481628
481708
481806
481883
481966
482034
482112
482189
482285
482362
482434
482504
482596
482688
482758
482835
482902
482982
483067
483155
483224
483299
483367
483453
483533
483611
483696
483772
483839
483942
484038
484121
484201
484285
484365
484452
484525
484613
484694
484765
484863
484940
485028
485108
485189
485271
485368
485459
485542
485617
485700
485777
485858
485944
486023
486114
486188
486259
486350
486438
486501
486580
486652
486732
486811
486884
486966
487060
487144
487228
487300
487384
487466
487535
487617
487695
487770
487833
487925
488011
488084
488149
488228
488319
488403
488477
488542
488614
488696
488771
488863
488950
489032
489104
489187
489249
489341
489430
489516
489586
489683
489780
489861
489945
490027
490112
490206
490270
490342
490430
490524
490609
490693
490778
490866
490950
491046
491132
491214
491307
491392
491477
491549
491620
491692
491789
491885
491984
492066
492149
492224
492313
492413
492498
492563
492647
492733
492811
492899
492970
493054
493131
493213
493279
493365
493447
493524
493590
493666
493748
493829
493916
494000
494080
494156
494243
494333
494406
494470
494537
494614
494688
494756
494850
494937
495012
495108
495192
495267
495340
495414
495501
495598
495666
495764
495850
495928
496011
496111
496205
496286
496366
496434
496502
496563
496657
496749
496812
496901
496971
497046
497142
497223
497321
497398
497488
497565
497653
497740
497829
497909
497994
498090
498181
498279
498368
498460
498557
498646
498723
498791
498861
498954
499019
499105
499172
499265
499341
499425
499506
499585
499661
499756
499833
499908
499988
500064
500168
500255
500336
500415
500504
500597
500677
500761
500852
500942
501022
501090
501170
501253
501332
501408
501472
501536
501620
501702
501774
501852
501934
502009
502096
502180
502279
502350
502423
502514
502618
502704
502789
502875
502971
503065
503147
503233
503308
503410
503490
503569
503638
503717
503794
503880
503959
504030
504099
504183
504279
504353
504441
504532
504627
504720
504804
504880
504963
505055
505130
505201
505287
505376
505478
505556
505637
505718
505791
505875
505964
506047
506121
506225
506313
506404
506476
506543
506639
506719
506814
506884
506976
507063
507160
507251
507324
507397
507488
507569
507662
507737
507807
507907
507975
508043
508115
508201
508287
508352
508430
508506
508603
508684
508770
508840
508915
508983
509053
509130
509203
509288
509372
509445
509524
509611
509701
509774
509863
509942
510023
510097
510185
510283
510364
510462
510551
510637
510724
510805
510894
510980
511064
511129
511221
511302
511368
511457
511526
511605
511685
511762
511848
511924
512003
512085
512180
512257
512324
512400
512484
512593
512692
512788
512867
512943
513025
513116
513199
513276
513362
513445
513519
513593
513678
513748
513841
513932
514005
514088
514176
514273
514357
514438
514525
514606
514682
514757
514825
514912
514985
515072
515143
515218
515310
515397
515486
515570
515629
515722
515800
515880
515965
516052
516141
516231
516323
516410
516500
516568
516654
516722
516802
516873
516960
517029
517129
517213
517293
517363
517442
517519
517601
517678
517751
517837
517916
517996
518053
518132
518220
518295
518379
518454
518537
518597
518666
518740
518816
518883
518958
519031
519113
519188
519271
519370
519451
519520
519606
519671
519747
519818
519889
519979
520070
520145
520244
520329
520411
520490
520572
520639
520720
520788
520866
520940
521021
521117
521200
521284
521360
521439
521519
521608
521719
521807
521895
521970
522040
522122
522193
522280
522368
522443
522522
522608
522697
522781
522853
522918
522989
523066
523158
523215
523309
523400
523479
523558
523630
523712
523787
523866
523943
524017
524105
524198
524280
524369
524453
524540
524631
524700
524791
524867
524952
525026
525127
525218
525321
525403
525481
525548
525635
525710
525780
525847
525932
526016
526086
526169
526263
526325
526400
526499
526583
526654
526734
526804
526903
526988
527070
527144
527226
527308
527399
527472
527546
527632
527718
527802
527886
527974
528045
528122
528202
528284
528384
528465
528530
528610
528692
528774
528858
528942
529021
529095
529172
529255
529327
529403
529489
529569
529641
529726
529818
529912
530003
530110
530191
530270
530341
530424
530503
530577
530664
530745
530831
530908
530987
531087
531179
531279
531369
531448
531534
531606
531682
531762
531837
531918
532003
532082
532185
532265
532340
532410
532489
532584
532662
532737
532824
532900
532994
533067
533138
533228
533312
533393
533476
533560
533644
533742
533821
533903
533985
534077
534147
534234
534332
534418
534504
534581
534678
534734
534827
534900
534991
535082
535154
535243
535323
535417
535496
535586
535671
535751
535831
535915
535990
536079
536157
536237
536317
536398
536491
536550
536625
536718
536812
536903
536987
537078
537166
537261
537339
537424
537513
537590
537684
537775
537874
537938
538019
538105
538188
538271
538353
538429
538507
538609
538689
538768
538851
538929
539003
539087
539169
539256
539335
539418
539498
539569
539636
539702
539800
539871
539942
540044
540137
540222
540298
540381
540468
540549
540658
540745
540835
540911
541000
541091
541171
541241
541327
541415
541511
541587
541676
541769
541858
541932
542020
542108
542188
542276
542371
542452
542530
542633
542714
542795
542870
542950
543023
543108
543184
543265
543337
543406
543496
543570
543651
543740
543829
543909
543983
544042
544114
544200
544284
544365
544454
544539
544618
544694
544770
544868
544964
545048
545120
545221
545326
545416
545480
545570
545677
545766
545845
545929
546019
546102
546170
546255
546338
546407
546473
546550
546654
546740
546832
546898
546972
547056
547117
547193
547289
547342
547419
547516
547595
547675
547742
547808
547898
547980
548073
548142
548220
548299
548389
548465
548539
548614
548713
548810
548887
548968
549040
549123
549190
549268
549357
549436
549525
549588
549671
549751
549838
549911
549998
550077
550154
550237
550315
550390
550454
550537
550613
550678
550762
550848
550932
551028
551113
551198
551272
551358
551438
551546
551640
551734
551799
551875
551942
552048
552120
552206
552298
552378
552462
552557
552626
552715
552789
552860
552938
553023
553094
553176
553238
553310
553404
553479
553565
553652
553739
553805
553898
553967
554048
554135
554215
554286
554369
554462
554544
554625
554713
554800
554882
554972
555056
555112
555191
555264
555350
555423
555502
555579
555638
555738
555793
555858
555925
556002
556085
556160
556226
556302
556371
556465
556546
556633
556724
556802
556887
556961
557051
557136
557213
557295
557376
557452
557535
557620
557698
557769
557839
557928
558012
558098
558177
558264
558340
558426
558511
558589
558683
558763
558851
558934
559015
559085
559173
559255
559346
559422
559512
559590
559685
559774
559841
559922
560012
560096
560174
560248
560327
560417
560510
560601
560687
560769
560851
560935
561020
561101
561178
561267
561342
561437
561548
561635
561718
561800
561881
561954
562036
562124
562213
562293
562377
562462
562551
562641
562730
562815
562901
562988
563053
563135
563212
563306
563389
563470
563544
563628
563727
563801
563883
563969
564055
564134
564226
564307
564385
564472
564547
564631
564723
564818
564908
564978
565064
565135
565201
565270
565364
565445
565545
565623
565702
565779
565861
565935
566031
566109
566207
566282
566367
566447
566515
566610
566698
566768
566832
566923
566995
567069
567135
567218
567295
567375
567461
567539
567618
567697
567779
567867
567939
568031
568119
568206
568278
568360
568440
568539
568634
568717
568796
568878
568955
569041
569132
569238
569326
569431
569504
569575
569655
569728
569797
569876
569962
570055
570140
570220
570292
570364
570446
570529
570610
570700
570777
570856
570928
571019
571119
571212
571296
571366
571457
571564
571647
571725
571803
571883
571969
572054
572134
572217
572299
572392
572480
572560
572636
572725
572819
572894
572979
573063
573150
573237
573324
573400
573480
573554
573636
573721
573801
573887
573959
574042
574129
574242
574320
574420
574495
574558
574649
574734
574828
574910
574986
575059
575129
575214
575305
575391
575472
575544
575619
575703
575777
575865
575954
576036
576132
576211
576289
576367
576457
576549
576641
576715
576797
576877
576954
577031
577119
577190
577267
577340
577419
577513
577593
577673
577741
577816
577909
577986
578061
578138
578223
578301
578377
578451
578524
578599
578662
578744
578827
578905
578992
579088
579157
579223
579293
579375
579455
579525
579612
579688
579766
579829
579903
579979
580051
580126
580218
580307
580390
580482
580552
580645
580722
580819
580899
580981
581073
581141
581225
581324
581404
581483
581556
581634
581706
581791
581871
581942
582034
582116
582199
582275
582361
582435
582503
582583
582654
582738
582830
582918
583012
583091
583170
583237
583311
583408
583507
583594
583668
583760
583839
583922
584002
584099
584170
584241
584340
584422
584487
584571
584646
584729
584811
584904
584979
585046
585114
585218
585309
585401
585493
585578
585656
585731
585820
585898
585986
586068
586147
586213
586292
586374
586464
586540
586615
586684
586766
586839
586926
586996
587077
587171
587244
587312
587417
587500
587582
587664
587734
587805
587886
587966
588045
588129
588221
588307
588383
588466
588548
588610
588687
588769
588860
588951
589042
589112
589195
589266
589320
589403
589490
589567
589656
589739
589809
589897
589975
590061
590137
590213
590296
590374
590454
590547
590621
590706
590783
590872
590955
591043
591126
591227
591311
591389
591481
591562
591650
591733
591806
591886
591963
592047
592133
592205
592289
592365
592466
592545
592633
592724
592807
592880
592961
593050
593134
593211
593293
593385
593459
593535
593625
593714
593786
593879
593970
594066
594147
594246
594325
594415
594508
594598
594684
594773
594872
594944
595030
595100
595208
595296
595372
595450
595523
595600
595681
595756
595854
595956
596040
596124
596212
596282
596352
596427
596513
596602
596676
596746
596824
596904
596992
597067
597142
597218
597308
597384
597475
597561
597647
597752
597834
597917
597995
598084
598171
598252
598335
598407
598490
598556
598646
598723
598799
598899
598971
599057
599125
599234
599338
599404
599481
599553
599625
599701
599772
599861
599925
600008
600084
600169
600241
600338
600426
600496
600577
600669
600747
600827
600903
600985
601054
601146
601233
601326
601389
601462
601533
601613
601700
601779
601861
601934
602024
602102
602174
602261
602360
602447
602521
602604
602704
602793
602885
602987
603077
603163
603246
603323
603412
603498
603584
603653
603747
603827
603906
603994
604096
604185
604262
604344
604431
604511
604609
604694
604780
604857
604928
605006
605090
605173
605268
605333
605414
605498
605588
605669
605743
605822
605908
605991
606094
606175
606244
606308
606380
606438
606509
606610
606702
606800
606897
606966
607053
607121
607204
607280
607349
607425
607505
607587
607668
607729
607813
607883
607968
608045
608110
608190
608266
608341
608416
608497
608564
608639
608719
608807
608901
608978
609063
609142
609218
609300
609379
609454
609556
609623
609710
609787
609851
609930
609999
610107
610197
610280
610351
610432
610497
610571
610642
610733
610824
610900
610977
611055
611136
611212
611291
611382
611468
611562
611661
611752
611819
611908
611991
612079
612158
612240
612327
612405
612487
612575
612661
612741
612807
612884
612952
613017
613107
613198
613281
613371
613463
613557
613640
613727
613805
613894
613968
614067
614144
614214
614305
614374
614451
614523
614602
614682
614768
614858
614924
615011
615076
615173
615256
615346
615428
615519
615606
615680
615771
615852
615930
616003
616097
616171
616247
616320
616407
616471
616552
616645
616744
616827
616895
616980
617061
617153
617234
617319
617402
617469
617555
617630
617716
617798
617869
617936
618021
618094
618149
618228
618321
618401
618497
618566
618656
618726
618791
618876
618963
619044
619124
619209
619293
619375
619448
619507
619587
619665
619761
619835
619900
619999
620076
620151
620230
620326
620386
620467
620555
620631
620694
620775
620857
620949
621030
621126
621219
621296
621381
621482
621561
621665
621735
621815
621896
621982
622067
622144
622238
622328
622421
622507
622587
622665
622766
622845
622936
623029
623105
623181
623256
623337
623415
623496
623582
623654
623736
623813
623897
623972
624065
624140
624215
624282
624377
624450
624520
624602
624672
624771
624849
624924
625006
625095
625164
625251
625333
625416
625501
625585
625680
625751
625829
625904
625980
626059
626126
626215
626294
626370
626444
626531
626629
626709
626800
626866
626936
627027
627116
627187
627272
627347
627421
627496
627574
627661
627754
627817
627894
627954
628027
628109
628193
628263
628329
628408
628500
628576
628654
628739
628820
628898
628976
629065
629135
629223
629314
629395
629474
629555
629634
629706
629789
629883
629970
630060
630131
630225
630321
630407
630488
630570
630643
630720
630803
630893
630978
631050
631143
631232
631327
631395
631464
631553
631632
631726
631803
631868
631952
632041
632117
632198
632281
632370
632450
632530
632609
632688
632767
632863
632950
633023
633100
633171
633248
633337
633425
633501
633592
633680
633767
633860
633947
634028
634099
634179
634265
634360
634441
634526
634608
634698
634771
634853
634935
635027
635100
635182
635268
635368
635451
635529
635610
635697
635791
635870
635967
636046
636119
636189
636275
636354
636438
636517
636595
636684
636769
636849
636927
637020
637093
637171
637255
637322
637404
637490
637584
637663
637748
637838
637928
637998
638078
638149
638238
638311
638387
638462
638538
638616
638690
638775
638855
638945
639011
639096
639164
639244
639326
639406
639481
639564
639670
639753
639831
639923
640002
640076
640169
640248
640328
640408
640497
640572
640656
640734
640820
640896
640971
641038
641118
641192
641272
641354
641440
641526
641608
641683
641770
641850
641937
642012
642089
642175
642254
642328
642394
642463
642535
642618
642699
642771
642856
642936
643035
643113
643200
643281
643362
643444
643519
643590
643673
643750
643829
643921
644010
644089
644167
644252
644318
644401
644470
644546
644613
644682
644761
644839
644925
645007
645090
645171
645253
645341
645439
645537
645613
645684
645758
645836
645938
646011
646104
646180
646259
646334
646421
646497
646574
646656
646737
646819
646900
646972
647050
647134
647213
647299
647375
647452
647536
647602
647675
647758
647858
647929
648029
648101
648188
648296
648388
648465
648534
648622
648720
648799
648881
648960
649024
649116
649200
649285
649368
649466
649544
649626
649701
649777
649855
649935
650016
650095
650186
650267
650349
650440
650515
650594
650675
650736
650827
650905
650988
651073
651155
651214
651286
651361
651461
651541
651622
651706
651781
651872
651942
652033
652104
652194
652275
652372
652456
652521
652612
652700
652772
652846
652926
653006
653090
653183
653267
653359
653438
653522
653600
653661
653744
653810
653879
653967
654046
654104
654188
654263
654353
654439
654526
654602
654681
654762
654829
654909
654979
655063
655148
655225
655305
655401
655493
655551
655639
655714
655808
655901
655989
656068
656158
656241
656324
656403
656474
656569
656651
656733
656810
656889
656968
657056
657130
657210
657291
657387
657474
657560
657632
657724
657794
657886
657966
658050
658136
658229
658318
658393
658476
658555
658632
658720
658795
658872
658964
659055
659135
659224
659306
659393
659470
659548
659633
659712
659812
659910
659990
660069
660151
660224
660314
660385
660472
660543
660625
660721
660801
660883
660967
661054
661137
661231
661327
661398
661487
661576
661665
661753
661828
661896
661971
662069
662144
662232
662317
662389
662485
662569
662649
662745
662828
662918
662994
663064
663150
663218
663299
663376
663455
663539
663616
663703
663798
663880
663959
664045
664119
664200
664280
664368
664431
664498
664589
664676
664759
664832
664908
664993
665074
665161
665230
665315
665398
665470
665564
665657
665739
665819
665912
665999
666083
666160
666219
666307
666387
666485
666563
666649
666723
666798
666868
666947
667013
667103
667187
667271
667348
667425
667487
667567
667668
667759
667828
667902
667992
668080
668148
668226
668312
668397
668472
668552
668638
668726
668815
668904
668982
669059
669136
669205
669291
669361
669432
669515
669596
669672
669745
669837
669909
669991
670085
670152
671088