3.75794
1.85134
2.49085
1.76608
4.00279
3.22551
9.04011
5.74135
1.16161
1.69768
7.05009
5.37458
1.89056
4.72536
7.35521
5.42676
5.09954
7.21942
4.48864
7.53343
8.89086
4.98433
0.474668
5.40052
8.16291
2.45641
1.13794
2.03922
1.83684
8.03414
5.44784
5.59479
9.88548
7.93869
7.36086
3.88827
1.16421
6.40098
9.62962
2.32582
8.09866
6.67971
7.7004
9.98921
1.40506
5.05561
5.41598
6.5046
2.27503
9.90461
4.03803
1.16589
4.88894
4.5127
6.56641
3.05185
6.96911
7.70435
5.09107
8.80595
5.73849
0.538912
4.40074
5.62397
8.4776
1.7616
9.51224
9.64181
8.16258
9.14186
1.96763
6.26124
5.82156
9.66803
6.25045
7.22663
4.72364
1.66643
3.73123
6.99866
1.57104
7.76926
8.16455
6.45999
2.28196
4.73096
9.51184
9.25108
2.43531
4.60291
8.05703
8.1738
5.14182
2.45777
3.79777
3.61943
4.21938
3.31
3.26124
2.38196
2.45186
5.22887
8.6432
8.27343
4.8969
4.89365
5.50005
9.62054
6.56008
9.23128
6.6192
8.13113
7.00054
4.78375
4.59112
9.2825
9.51472
4.10295
8.53358
1.95003
8.70587
6.59061
0.123835
3.84769
9.04838
3.9216
7.46711
3.26776
7.23161
0.728353
5.64972
9.68347
5.95722
4.29291
7.95689
0.854119
9.18657
3.45694
0.474654
5.74665
2.68823
7.09385
3.87778
9.68877
1.87761
8.46889
8.97127
1.39233
2.57185
7.50485
3.34236
1.27771
4.09547
3.4662
5.1254
3.14385
7.3878
2.59251
6.4116
4.6194
3.32087
2.06132
4.30287
9.27809
6.35423
2.25976
0.132208
5.5408
5.71671
0.606862
1.28745
8.40494
7.70072
5.16523
8.0937
9.57832
3.63413
7.06498
0.970651
6.20598
4.56983
4.31301
7.48369
8.6653
7.77921
2.60909
1.80914
5.16701
5.20161
8.22075
9.78641
8.52247
0.282068
4.08928
7.80056
6.6363
6.34905
7.93277
2.1771
2.06576
8.53963
3.46456
0.470692
6.24035
8.62979
8.56439
5.81867
2.26391
5.62937
6.78933
8.46989
0.199201
1.10234
5.95358
8.8645
8.88155
8.56267
0.673639
4.04855
3.76428
8.89439
3.83496
2.28675
9.17646
7.92425
0.0873174
5.81276
4.2733
8.02009
7.98986
6.33905
6.55972
1.45442
6.80975
2.80007
0.0842033
5.37414
8.61875
2.34812
1.00351
5.40807
0.818007
1.20271
6.51041
6.77159
0.0672092
5.39196
5.33426
0.740849
9.44051
9.09854
9.63524
3.27548
1.38529
8.81169
1.19973
1.47261
4.62445
5.47302
9.4927
2.61431
1.81208
6.05242
4.06873
8.62182
8.8525
4.15293
3.99596
7.47125
6.50105
4.99947
2.87932
7.31905
6.20219
9.38973
4.09064
6.26939
4.78169
9.4249
7.01024
4.2222
8.52344
6.64548
7.49768
9.90874
5.45717
8.6974
1.38135
0.081619
4.17043
0.874049
2.69593
5.9825
6.92647
6.76465
4.60432
5.77897
0.917583
8.60028
3.25022
7.41863
3.59976
6.12954
4.73768
9.80194
5.51927
8.82832
6.07134
0.300961
8.25322
3.08158
4.52316
6.77667
9.72706
2.02084
6.6854
5.18423
0.718245
8.06675
5.26585
4.88867
8.9408
7.96178
0.871172
5.86728
4.72643
5.47549
1.64625
5.64401
4.07578
4.89647
3.06264
7.67553
1.026
7.80032
7.47747
6.54527
6.62865
3.54881
6.84623
4.88187
6.63039
1.3694
1.65854
6.35745
3.39024
8.34394
1.54168
4.10848
6.41069
6.80753
8.99716
5.3515
4.7693
9.86833
1.21877
9.49573
5.34382
2.86502
5.13975
9.4196
7.76148
8.20239
7.09513
8.78749
6.00271
4.57261
5.33276
2.63136
8.12142
2.179
7.51323
4.75181
3.54839
9.17176
1.10926
6.93863
7.51571
2.65094
1.04712
3.9264
9.45846
0.0442733
9.27789
4.22776
9.9126
0.496666
3.7235
5.25642
3.36168
8.86324
4.67602
1.12317
7.06563
1.77115
9.91066
3.06834
6.34376
5.24342
5.6997
4.46518
7.42242
3.21292
9.21699
0.970811
2.38468
0.326247
7.90945
9.90039
2.97718
8.95656
3.82679
2.43564
9.00084
3.10468
6.66341
8.91344
3.60135
0.386905
4.16986
6.96303
9.25015
8.84588
8.0862
6.31578
0.617035
7.99686
9.38412
6.9608
3.24028
5.08381
1.42598
0.662696
8.29673
0.642965
1.63351
0.681417
0.969212
9.54295
0.581807
3.94639
8.49952
4.4086
6.38204
7.50035
7.51328
3.04545
6.41379
1.11463
3.43235
0.583648
8.07766
2.6825
9.42953
6.16386
8.99828
0.0465641
4.16072
8.38239
7.00736
7.401
3.46621
8.43334
8.0637
1.76294
9.0763
9.69721
2.44436
0.0455149
9.24016
3.02616
3.99191
7.73967
7.43476
0.373948
5.24002
4.94804
3.4194
1.65381
6.06266
6.85175
2.23746
4.14033
9.53425
1.66699
0.304191
8.53252
1.71355
4.46492
6.91492
8.72091
1.86592
0.381123
7.15425
9.92962
2.14406
6.23055
9.62682
4.58842
6.27607
8.86698
7.61458
0.267979
6.60665
5.04934
0.641927
1.84668
9.99738
4.06132
3.50049
6.06004
0.913069
5.73795
0.200368
0.447316
7.40494
0.504559
8.97984
9.11849
4.96947
5.89476
7.83941
6.83539
6.27588
4.99366
6.76501
8.41994
1.22421
6.39184
3.00836
7.50028
5.25882
0.62294
7.76826
1.86547
5.67228
8.41019
3.71215
5.66965
2.47151
7.21264
1.72969
3.38458
2.95059
1.93006
3.83189
0.35553
2.43462
2.81173
9.47402
7.4041
8.70649
7.31343
4.23949
4.98237
2.30709
1.0045
3.40232
3.5313
7.39634
6.41068
1.03158
2.65515
7.03361
8.79984
4.52062
2.70589
7.21003
8.23277
8.37555
9.68154
5.44541
0.10524
3.06612
8.396
2.0353
6.89801
8.75153
4.46992
9.70975
8.22556
1.87402
8.41624
5.53899
6.11351
3.39861
7.84607
7.11801
6.80093
1.37737
4.51434
3.2116
2.40896
7.1695
0.245218
1.2088
1.69012
2.95111
8.41883
9.9229
1.32666
8.10038
5.36831
1.4319
1.16649
3.76431
3.4672
8.06451
2.51585
7.93712
7.77426
0.741402
9.81114
6.1905
6.28039
5.92464
9.58911
4.12646
3.04265
6.39004
5.50384
7.55699
9.60164
7.91279
4.72649
9.84686
9.1216
6.41661
2.79797
7.54043
6.33951
4.12462
5.6408
1.70782
5.55652
6.8073
5.47213
9.02372
4.87181
7.98798
6.96083
2.64606
8.72938
6.77197
8.83656
5.00977
2.69661
8.42567
9.13623
5.73926
4.8157
4.64006
3.29625
4.41734
2.55286
8.02274
4.2642
1.67445
4.43936
7.06217
9.21488
0.778866
1.18679
4.85569
2.48669
6.74331
1.66299
7.95882
5.76702
6.53479
5.9468
2.72786
9.18086
4.67618
9.49983
8.01742
9.68595
2.19644
6.44308
8.82218
7.9357
1.25879
3.46224
1.23195
5.67613
6.0151
9.25469
9.94033
7.68955
3.69405
7.00249
6.90443
4.47292
8.18928
1.76012
6.9596
4.93259
3.4231
4.91842
0.699618
9.95789
0.865223
3.42748
9.13875
5.5414
2.9273
7.15617
5.22735
5.12374
3.59925
4.04953
3.05944
4.85804
7.51177
4.29139
0.53417
3.52686
3.54609
0.474499
1.21641
7.24014
7.47699
8.12084
1.71306
5.66628
9.88096
8.67266
0.598872
3.30406
3.59108
1.29849
3.26195
4.45631
4.72597
2.4007
9.99771
7.65327
9.55687
5.22506
2.77701
3.15613
9.27459
5.83646
8.01417
6.78636
0.12785
8.54834
0.313221
3.67394
9.02284
1.52963
0.914076
6.49983
9.65047
2.62713
2.16611
9.53143
1.29979
2.76498
2.83549
4.89087
4.06347
6.09744
9.34718
8.78944
8.49814
9.34489
6.44271
8.05502
4.56995
9.21973
1.21115
3.84454
5.05618
9.22532
0.630893
5.18403
7.77366
0.944113
8.85797
6.79649
2.47375
9.77205
3.29633
2.12422
2.39918
5.46244
1.65565
3.69897
8.22742
4.49114
8.58984
2.2909
0.588578
7.93702
1.08034
9.08672
7.28191
7.52305
7.14174
1.85185
6.74277
8.35289
5.69639
1.79896
7.5782
6.32728
6.98299
5.35186
7.2714
5.84096
2.14835
9.74514
5.613
5.44468
1.86936
8.01218
0.907117
3.52501
1.71115
9.13454
8.01615
0.300989
1.42543
8.60473
8.23801
2.50577
7.69145
5.51991
0.0288185
4.83319
7.37177
6.77159
3.18608
3.06816
8.57055
0.764285
9.39544
5.55354
6.11615
6.66684
1.3945
8.2645
6.41198
7.0075
3.70918
8.28134
5.01968
4.6163
1.80635
6.73083
3.75083
9.8225
7.03182
5.17627
8.42723
5.26983
7.68204
6.11868
0.789744
7.71086
0.951872
8.16151
4.48245
4.13795
1.22967
3.053
4.90224
0.62511
8.60654
1.01838
7.29195
0.00104048
9.28288
3.70392
7.00854
2.99206
1.98526
2.02823
7.60836
3.79162
8.75906
1.35919
3.61412
5.79088
6.53546
2.04135
1.06071
4.2175
8.16003
1.85045
1.92836
9.1119
0.0119667
6.41081
3.24985
1.24164
9.46381
8.15209
1.86675
8.07035
9.17047
9.15869
8.07139
8.45335
2.86262
5.07994
1.44541
4.84788
7.10816
9.05377
8.63949
5.86722
0.412964
2.25361
1.65811
6.94842
4.29496
2.71882
1.16592
2.45498
4.56927
3.09428
1.56688
4.58124
9.50509
4.81673
5.82288
8.9689
2.96882
7.68962
7.03925
2.13929
6.84831
5.11064
0.592648
9.71093
0.19058
2.03806
4.55881
7.29874
1.09183
3.1983
3.16597
1.5048
5.45191
4.82407
8.45322
9.74687
7.54289
9.61915
2.20185
2.11216
2.71343
3.76874
6.6934
2.21852
8.58547
2.51628
1.18742
1.55429
0.205898
8.22667
3.69359
7.05421
3.33732
4.28623
6.76514
3.5279
6.3243
1.32395
0.82664
7.41613
4.52225
3.99261
8.92093
9.97416
8.81668
7.37415
9.72103
6.35957
6.9933
1.92288
8.47173
9.70673
5.69162
5.16514
1.92524
4.27709
7.68141
3.11267
5.83138
7.88731
1.33934
9.52497
4.94152
4.67666
3.8112
1.70666
8.20455
0.1355
3.03061
9.03119
7.55163
7.55285
3.0238
6.47256
7.52701
1.84048
3.84671
7.24804
8.20005
0.840005
9.17092
6.67179
0.54673
4.86254
1.83692
2.47198
9.13963
9.51833
5.58464
4.97101
7.40565
6.92398
4.49598
2.34717
1.60063
8.30718
4.05383
9.80519
8.44268
7.08444
8.83638
5.99431
4.63729
1.86018
2.46687
2.1643
3.70066
6.31357
9.41234
1.90071
7.15358
8.58326
8.5725
7.70031
3.4458
0.409419
0.172285
2.58543
9.92775
5.75693
7.55644
7.3334
2.6809
2.05241
9.68057
4.28154
0.359591
3.7344
4.08672
8.80227
0.818832
2.9231
4.79658
5.45612
4.78328
7.26344
7.62043
8.48394
3.57702
7.03277
0.384647
0.730598
5.61604
8.95714
8.43091
9.06184
9.36656
8.60319
1.64727
9.29432
4.36012
9.20371
6.62772
7.04102
1.25612
6.30828
1.32256
1.61571
0.0426797
5.40929
0.417979
0.861512
8.33239
5.21456
6.31764
3.11567
2.478
3.93806
1.5996
6.05502
0.970833
1.98425
6.78562
6.58687
0.941396
5.21652
5.64871
0.30796
3.81972
7.29598
9.60228
8.17983
6.49969
6.22999
5.22086
7.75581
2.53828
6.54342
9.37152
2.58096
1.95271
9.7895
3.44247
0.285094
5.00405
9.7601
3.40076
7.48205
3.69817
5.00037
3.53707
4.669
6.98462
0.322684
1.25587
7.92602
5.53921
6.90458
8.23398
9.35892
4.20056
7.83625
7.53876
0.700243
4.06625
2.75962
8.45605
6.60452
9.30304
7.82757
9.18548
1.25574
7.61706
2.62795
1.54084
2.62112
2.38805
4.9416
0.103168
6.08622
9.94196
3.64024
0.75522
6.92658
3.96292
2.01109
4.8526
9.50213
8.91566
3.08657
8.86105
3.11622
0.922825
6.39981
3.81646
4.98907
9.15943
2.27251
1.59359
8.46246
0.10008
0.779075
9.71821
7.71714
3.40703
1.25904
0.33826
5.79508
6.20064
0.441428
1.8813
6.1426
4.08167
2.63652
3.06919
8.04459
4.64761
7.92179
7.54672
3.56327
1.00836
6.40777
6.67949
1.93118
2.80758
0.495958
6.92025
1.96701
2.76847
8.51385
0.429475
2.86855
9.29292
0.147682
0.585694
2.69995
1.40672
0.923953
8.49503
7.60737
1.36538
0.376329
3.74997
5.44705
3.01285
6.81916
3.49163
7.66046
4.74094
1.03835
1.22373
5.7493
7.44612
7.90323
7.68049
0.253703
8.39918
4.60074
2.22071
1.16765
3.11459
2.65019
4.0362
2.40751
2.79787
4.6219
5.10746
4.20459
5.54585
3.60249
1.81196
6.91123
3.97882
5.56193
2.35828
6.99167
2.38109
5.84991
4.65213
7.12203
6.88826
5.87586
2.87133
4.33438
3.77908
0.551818
4.58809
2.17827
5.15256
6.8088
3.34592
8.26715
9.45899
7.38213
0.674659
2.25686
2.00402
5.78212
6.46145
7.54988
9.38461
8.27341
4.46111
3.36343
3.83534
6.81939
0.355096
6.21643
2.6693
5.00722
3.33846
9.55757
0.883082
6.20979
3.89195
4.66217
6.76161
8.48004
6.84043
1.91417
5.28884
0.186357
0.181318
4.74783
7.56848
0.855977
7.00469
9.57251
6.6381
3.46614
7.12238
6.02271
1.73956
1.58349
9.38613
5.5749
8.40288
9.74123
1.79133
1.07218
4.74845
5.12979
0.629748
5.63154
1.33959
4.5217
0.293701
8.1012
3.00174
7.13414
0.0153699
8.29058
7.32049
0.196687
3.03841
4.88898
1.05266
0.0430938
4.46148
7.69076
3.50924
1.58387
3.71347
5.24879
3.16736
3.0996
0.823693
1.57024
2.84083
2.61503
2.64242
7.58928
7.74482
3.27217
3.22082
9.08441
7.79387
3.51452
7.18561
0.795609
0.648655
7.20098
9.08619
7.96915
7.39766
2.12459
2.85812
8.45033
2.16769
7.31961
6.14109
5.67692
8.90348
9.85455
0.925715
2.07084
2.95415
1.74941
3.64108
5.79498
4.36443
6.2835
3.38427
2.10925
9.55567
6.60508
1.19366
7.34954
0.119603
8.37926
8.14515
0.768258
5.58024
7.23134
8.73741
2.9779
9.35593
1.59553
1.42823
1.52362
8.91514
7.56932
7.20054
7.81861
7.42387
8.12626
9.88945
0.378025
9.87566
3.53052
6.17301
4.2401
9.81403
9.55728
6.34935
9.3697
6.16236
7.54301
6.71924
6.28196
5.92227
4.8644
7.05022
1.50251
2.09574
5.78763
4.48041
1.45167
7.38316
5.90864
2.97529
6.29829
3.47796
0.17583
4.1169
0.901826
8.30209
4.00635
1.27985
8.17775
7.53688
7.45286
2.41785
7.3509
7.01014
8.7672
6.7206
3.17249
6.3102
3.43984
9.45446
2.23247
8.30424
6.50468
3.73498
0.399976
2.29231
8.21539
1.85165
9.67546
4.12403
4.82693
5.97375
7.60199
5.00277
0.0906575
8.50381
3.30485
4.09701
9.78366
1.4826
1.63388
7.23652
3.90045
8.98479
4.24666
2.66765
5.70539
7.41915
8.97785
9.14523
6.87361
1.21032
7.44947
3.37829
4.94531
7.84944
5.6706
3.1607
9.70109
5.34606
7.28474
4.52802
1.31981
4.88673
9.53079
1.41047
3.39054
2.83564
5.50748
3.1742
4.31824
7.14136
0.410729
8.21869
6.12615
4.65739
0.886335
1.83153
2.07654
9.86419
0.976761
8.95015
1.07451
8.42623
2.32845
6.01982
6.27567
7.99904
9.18052
5.97676
3.3451
6.46526
0.504776
4.66491
1.35198
0.0355623
6.07538
4.74252
2.8712
1.58286
7.91673
7.18944
8.72422
8.32746
5.40813
4.85037
2.98485
6.29446
6.68191
5.06139
6.15865
7.65867
4.01154
7.23316
6.08489
6.33999
3.25298
2.36056
4.33903
2.4335
8.33732
7.68413
8.89876
8.84209
2.34904
0.250744
8.87765
8.42442
4.99327
1.74885
0.00728438
2.91
8.93829
8.73151
1.23745
4.34642
3.58188
4.2223
0.640884
0.263785
9.28369
6.79953
7.92245
3.29523
4.03269
4.00735
9.63522
7.28567
6.36791
3.97425
9.71917
4.70522
1.65838
8.61793
3.54732
4.00742
8.86868
2.42497
2.43184
3.86194
4.17382
2.43913
6.77194
3.11212
1.17064
8.00939
7.45854
4.75251
2.23169
8.09942
5.0163
1.51537
4.89896
2.93875
4.8106
8.93165
6.9461
4.44582
6.21732
3.314
8.42006
5.93649
8.01923
0.0784388
4.55443
1.56654
4.08586
3.4231
3.99151
6.5177
7.28505
8.16534
8.95683
4.05699
1.27745
0.127467
2.06638
8.73599
4.87998
4.29807
6.83542
9.89628
5.81344
1.73437
2.83503
0.624041
0.66602
9.78113
5.06986
6.88334
3.09513
3.48992
2.81983
1.11435
3.56836
7.37426
2.68089
7.65422
0.797361
6.67241
4.17192
8.08241
4.83774
3.12875
2.13939
6.1152
3.25622
4.20577
4.85119
8.1362
8.50384
1.6866
8.03248
4.31727
3.42097
0.86751
4.94132
4.08699
0.648636
0.0111741
0.970334
3.74376
3.50109
3.79017
4.85812
7.06945
1.16442
7.53901
4.72367
1.96179
4.21142
8.89559
0.044194
9.04916
2.02434
2.18359
5.16435
5.28056
6.38936
0.0155421
3.41676
4.89319
1.70215
1.44924
9.21047
5.12312
2.31675
4.15178
9.21012
2.96538
4.16296
0.180449
6.70915
7.66405
3.97062
1.56727
4.73351
5.13504
9.10628
9.45718
7.09683
3.31769
8.35277
7.14102
2.36685
0.377114
9.32461
7.53121
5.65768
5.71396
7.54675
9.07444
0.607157
9.2489
0.523675
9.81762
4.37202
2.84042
3.96941
3.58213
5.80581
8.13236
3.76258
2.51496
5.79642
7.7332
4.08222
0.529922
2.86824
3.1885
9.9871
9.96506
6.5062
8.33987
7.10608
8.87305
8.71698
6.43069
6.40426
4.37466
2.14466
3.95101
3.4491
2.75181
3.1999
3.97277
2.56944
7.57192
6.81319
6.53884
1.15405
2.619
4.67121
4.91663
5.13396
0.467625
2.64983
9.21618
0.997547
5.51806
2.40468
0.984648
5.48312
8.91088
9.32452
2.58921
7.78393
8.0415
9.0199
4.18818
2.41616
1.16455
8.13919
5.86526
3.91637
1.33909
9.83803
6.4858
8.91101
6.65123
3.02465
0.065061
9.27023
7.69585
4.98169
4.40419
8.16348
7.63152
3.62037
9.16103
3.14958
6.02505
0.145674
8.63271
4.93593
9.47019
1.22191
2.71986
7.5117
0.241811
6.90804
9.92786
1.40636
5.04723
5.79312
5.32273
6.38632
5.63115
1.80853
5.29733
2.28238
4.83318
5.36239
1.5526
2.52903
0.344083
5.95679
0.69251
7.9756
9.57716
9.85354
1.12518
5.60222
9.99921
9.75789
0.538148
9.4694
0.979803
3.258
6.9811
1.22161
0.166043
6.90896
2.62798
5.21327
2.70208
7.95071
1.59959
8.33323
9.75924
6.89692
0.615603
4.59242
2.25931
2.16821
7.12145
2.60339
8.125
7.81396
0.578997
7.70216
7.66749
1.70418
3.30438
7.6667
1.46207
3.84253
7.1361
2.44187
7.10053
4.1172
3.66349
7.26658
1.02616
6.29147
2.47985
3.72824
4.24217
4.07944
2.06146
4.00141
0.976359
2.67707
8.59383
3.23567
4.84527
5.71527
5.83907
2.97027
3.52923
6.41806
0.672438
1.19672
8.12224
3.97682
8.86342
9.58431
7.81935
5.99953
2.02619
4.91988
0.116728
5.68967
2.18646
1.14289
1.98114
4.66631
4.87112
6.22331
8.74575
6.93258
0.224724
9.72211
9.60965
8.81855
2.95778
4.45492
4.53383
8.79684
7.42519
8.06306
5.21491
8.09763
9.25978
3.33715
2.07445
8.1232
2.92146
9.8938
4.12273
4.94765
4.81368
4.23946
0.637319
7.00014
5.38234
2.61846
1.66645
0.253464
8.84177
0.412202
7.18605
9.06649
0.134309
6.7957
7.88505
3.09209
1.25062
2.41887
1.88893
8.67581
0.481926
7.10384
6.77344
9.7417
0.440986
8.84789
7.86491
3.36245
8.74169
1.98763
8.31009
3.55538
6.22709
8.94741
0.555521
1.60944
1.56587
2.22197
1.8629
0.40764
2.63418
9.04895
9.47413
2.76849
5.84464
7.35918
5.86057
7.09526
9.77805
7.7495
5.77107
0.259977
4.85334
2.54451
0.00168092
5.29433
1.3924
7.86659
8.65677
0.134094
9.85422
6.96687
3.68947
6.08131
5.91428
4.24499
7.69075
7.48015
6.46697
9.55365
7.88779
9.10114
8.6026
7.36192
1.86963
4.44724
4.7211
7.7302
1.5425
4.49915
5.4797
7.31357
4.75913
0.333046
9.85808
4.76081
5.62737
1.25048
2.6274
4.28415
1.38458
2.48162
1.25102
5.07405
8.56293
7.1653
9.31904
6.25368
4.64545
5.786
5.80733
2.53323
4.88715
4.40993
9.89516
6.75677
8.85716
4.61626
4.48697
0.399663
9.11541
9.96668
7.71323
3.87454
0.299726
7.57131
8.63535
5.9271
8.82179
1.26275
0.211247
0.20637
3.74437
1.46226
5.28042
2.3073
8.62756
4.59945
8.56098
3.273
0.385457
4.36831
5.80624
5.2726
8.77823
5.70139
2.02938
7.6354
0.317653
6.51635
8.03506
9.43307
6.48303
5.74829
3.30761
6.78276
3.3196
1.94296
2.70985
2.1414
3.2057
2.9211
2.34777
6.95007
4.38336
7.62818
9.25737
3.01092
2.22764
7.81835
6.28392
2.6131
2.18665
2.09016
7.8857
0.964887
7.79156
9.91507
8.60028
8.10921
6.43142
6.63535
7.54227
2.91445
2.38364
0.84988
9.69721
5.70324
2.79284
2.40706
7.84464
5.99854
5.32816
0.19241
2.94861
9.71153
7.82059
2.20598
2.72245
0.0482335
0.0243216
9.00638
2.66133
2.21098
1.09654
0.547026
3.17586
8.88809
0.462098
1.77615
6.9973
6.89352
8.41149
4.53958
9.80797
0.795131
5.38946
9.50518
6.49837
8.18229
1.91224
4.34302
4.18083
7.24041
4.53543
7.12944
6.95194
2.35602
9.33542
9.67439
2.40425
9.35974
8.68076
5.06558
1.57072
9.7773
5.61261
4.74658
8.66539
6.07471
6.52273
5.6627
2.96823
4.93422
0.202276
2.7762
5.72935
5.59173
2.28138
2.22772
3.77403
4.19363
6.57074
7.95486
1.43404
1.10617
5.08431
8.38597
3.46219
4.41973
8.06036
5.86644
3.77947
6.74112
0.932026
5.35018
6.51842
6.54464
0.0967616
5.18382
2.61934
6.61949
0.846516
5.58757
1.5537
1.04879
8.36378
7.28305
6.64053
0.64516
9.51078
0.414555
4.83879
6.08152
8.36942
6.27283
7.18768
3.45373
4.6588
0.64987
7.87345
2.71916
6.51631
1.65292
9.46028
7.44834
7.0031
5.97871
3.99297
7.09986
1.16253
6.61232
3.71935
2.00904
2.19989
5.27306
3.05783
0.563666
2.55611
9.69836
1.20883
2.06689
0.112915
6.04761
8.1484
8.48233
2.32044
5.33608
1.93606
6.97924
5.98595
9.80951
9.6984
2.50227
1.46243
9.15868
9.95061
8.46554
5.13739
3.94358
5.5654
6.29992
0.5559
9.28475
8.30896
2.75579
4.55781
1.3668
3.31946
7.11392
1.06516
4.52828
9.1808
1.17807
0.575898
7.3292
9.6604
2.89634
2.66529
1.59646
9.87558
8.65124
1.40598
9.57398
1.15351
2.86841
8.73266
1.10412
1.33394
3.87005
5.0477
6.89934
0.169972
5.6036
6.1841
8.47893
8.35939
0.741904
9.84573
1.67885
7.85582
0.910884
6.20713
7.03662
2.08895
6.78303
4.36583
1.74936
9.67937
7.03112
3.34582
9.55495
5.68236
4.7518
9.12892
6.83587
7.62021
7.86158
7.93999
8.95415
1.73163
2.98769
5.8535
1.9016
8.59129
2.0376
0.380538
6.95069
2.7795
0.226267
8.62954
0.635322
1.13715
4.83667
7.67195
3.22611
1.6197
2.03777
4.97547
1.29907
9.06889
8.32129
0.854019
4.75125
3.07309
9.98294
1.58712
0.693298
7.84452
9.52712
9.64745
9.57615
2.51481
5.50095
1.47776
1.1061
7.53855
1.8583
8.05679
0.318051
2.08456
6.68633
0.953374
3.22171
1.523
8.62532
6.44782
3.1427
0.663094
1.42329
4.44178
9.73198
9.74457
5.2958
4.48324
2.81766
5.27874
6.07036
3.51096
3.12326
5.59748
3.15841
2.69941
8.11229
8.65937
4.17717
9.21839
6.19792
6.03546
7.27518
6.51597
8.12003
3.96151
7.46934
1.34174
5.48451
6.09466
7.78956
8.62722
6.75776
9.21285
3.06899
6.48974
8.95742
8.36479
0.972978
1.77508
3.64352
7.04334
5.28605
6.76678
2.64082
8.44446
9.46619
0.753107
7.10383
3.64335
9.9715
3.30175
9.67882
7.24669
9.81772
7.79884
1.2082
7.28706
9.14058
6.69271
3.38172
6.93014
5.31993
0.139479
6.14299
8.38892
6.62922
5.10041
6.75371
7.6022
6.87549
0.39723
4.64554
2.16154
7.16401
7.28635
0.605999
6.6302
8.03946
7.70983
0.27355
8.01096
1.01157
9.95237
5.25765
0.829288
7.75121
6.46585
8.11635
6.89179
3.15856
1.49807
3.82194
8.47849
1.63755
9.96492
6.86741
8.26677
5.06534
3.62111
5.86897
1.94083
4.01834
0.514503
4.10237
1.18235
7.80086
4.70837
7.81255
5.84032
2.41819
8.0861
3.85128
3.42977
8.03846
9.10893
4.25906
5.78967
5.57478
2.3754
2.68146
8.73333
3.87347
6.5034
7.21182
5.51102
6.46832
4.07923
3.77779
1.53366
7.70034
9.64675
3.47449
1.71868
0.161253
7.57686
2.90104
7.96211
2.28522
0.713582
3.80243
4.70342
8.79968
7.65371
8.13319
6.83814
6.76264
2.39224
2.62782
2.33742
4.76764
5.30928
1.07075
8.64111
1.81268
8.28257
4.15213
8.281
2.3618
7.92992
9.81466
0.0621387
7.57667
3.28915
1.78082
7.73792
0.86601
4.68186
5.70003
3.15123
5.39544
9.50246
7.85465
4.19512
7.15618
5.98784
1.03326
3.91882
8.38008
3.66108
6.25624
3.14773
8.97036
7.32699
1.78884
0.783036
5.60956
5.94097
9.06404
7.97136
3.87089
8.8787
8.0335
1.44756
2.16786
9.81432
9.18548
3.03387
4.49618
4.88551
6.1851
9.89162
4.38798
4.03975
4.08674
1.54415
0.027596
5.12
5.46297
8.40768
8.78107
1.7192
1.55541
7.75143
9.04619
3.34425
8.53446
4.65575
9.28522
7.59851
2.62711
3.15612
6.47721
0.660601
4.60368
8.64507
0.474919
3.78916
1.67893
4.9711
8.67467
7.86403
4.86271
3.06265
1.90379
8.94945
4.6068
1.93138
4.06944
0.06977
0.339063
2.85052
1.78897
1.89447
0.601947
0.835166
5.23872
9.13641
5.49092
4.52394
6.73492
8.11802
7.68006
3.21213
8.77862
2.28374
1.85719
9.25354
6.0729
3.53612
4.22464
4.74757
1.40016
9.08735
7.81022
3.30394
8.0368
2.41702
5.23533
2.10624
2.48679
5.57439
4.95676
4.27577
7.46886
5.55871
5.11093
2.70758
4.69512
0.601847
7.23152
1.43004
8.71987
4.91158
4.64216
7.49849
7.19532
6.49935
6.75203
3.26822
0.0354752
0.976671
8.01579
1.43563
0.0640206
5.82601
4.73957
8.10082
8.24304
9.9749
0.207061
0.729829
5.54929
5.16382
5.0056
3.01814
0.722528
0.116527
5.72572
5.41765
0.718374
2.95724
6.84768
9.43824
7.86883
1.48984
6.93673
5.06415
7.9892
3.68877
8.33237
8.02467
4.66544
6.34816
9.4603
4.72946
2.17418
4.19987
2.83028
0.417216
4.17477
3.03734
1.14704
9.72406
8.20116
6.15264
2.7422
8.92369
6.26917
8.46793
4.34133
6.98754
1.42517
1.18902
6.42578
9.294
2.67886
3.36252
4.35815
0.668054
7.05128
2.69052
8.69273
1.71672
9.03868
8.15303
6.44618
1.21286
2.3529
9.27646
1.63008
6.52767
2.31379
2.77712
6.25173
0.51495
8.92976
8.99394
9.43864
5.19893
7.46187
3.77997
2.18647
8.88704
4.96898
8.61226
8.18103
7.64784
1.97477
2.53918
8.3159
9.02606
5.2297
7.00862
0.742781
4.26838
5.16165
7.18896
5.48124
7.51455
6.46542
7.11132
4.04223
8.77921
9.88844
0.293959
9.29416
8.8182
9.2879
8.73279
4.01713
6.74976
2.51276
6.2036
5.6368
7.48175
4.81586
3.81784
5.12959
6.79063
6.35702
3.44549
5.81669
1.58671
0.454111
6.55947
5.85509
5.61576
3.74843
1.33633
3.13031
0.213846
8.44765
7.17254
8.99305
8.33608
7.4665
8.28721
7.15428
6.7544
7.02
1.17141
3.50416
9.53277
7.37501
9.14096
7.01452
2.19086
2.9588
2.14411
8.98149
9.31582
5.58959
4.79818
0.90253
6.04371
1.35765
6.75762
1.65947
5.10608
8.09396
4.78978
5.31993
6.5416
1.96232
4.31298
4.87769
9.42881
2.60019
2.03197
6.18321
9.6202
3.20338
9.68737
9.15296
0.578388
8.82833
6.16748
2.76925
1.78713
8.31159
1.75074
1.10294
3.90118
6.54893
2.00547
9.94489
7.90658
8.7631
1.60435
3.01266
6.85705
6.39413
8.33259
3.39866
8.35645
2.64557
8.27635
7.78526
5.24577
0.308319
3.96847
4.86596
3.5117
3.65584
4.01893
4.09009
2.48417
0.186408
6.85934
4.2713
8.49799
8.61008
5.37424
2.39918
5.15901
7.37972
2.34406
3.06559
6.14281
3.94842
6.07825
2.99987
0.342552
4.41084
6.39853
8.699
7.05642
4.67487
6.48426
2.30218
4.98319
0.452735
7.16815
8.49489
4.10857
1.18707
2.58498
6.59274
1.37348
9.44432
0.86404
9.87148
8.0544
6.23828
2.27065
3.21341
3.618
4.61471
6.279
9.76081
8.56313
2.35725
2.76068
8.90568
6.7681
9.15921
7.60469
3.82451
3.83408
4.08895
6.1267
8.81727
4.54169
3.29484
7.31216
8.65026
4.48192
9.89714
5.243
5.8554
9.34146
6.10704
5.72688
7.39586
2.34532
7.99753
0.609276
5.96332
2.61224
6.88828
5.72413
1.17537
9.24553
8.48481
0.0810585
6.01363
7.64402
7.68574
9.83814
1.4781
1.77469
5.96484
0.29537
6.31638
9.25968
7.60753
4.96664
3.7416
7.50468
0.20964
9.597
6.84614
6.31668
5.32388
4.242
8.66201
3.32141
4.85128
4.62533
5.93365
1.73956
0.349459
7.10902
0.985088
8.83427
7.19008
6.99871
6.47829
4.87583
6.83686
7.95639
6.65052
2.8017
8.25176
2.9669
2.06138
5.85929
7.93354
5.80298
3.36397
8.14318
5.39998
0.210109
4.45986
0.723863
4.45211
3.12187
4.04527
9.30339
7.74719
9.97892
1.04295
8.09665
7.08794
2.02804
6.93092
4.27803
9.02675
3.40921
9.15385
5.86361
1.3656
5.80437
8.66531
9.61736
8.77128
0.726684
5.47665
6.70482
6.52966
8.84062
4.848
1.92965
9.05072
9.30786
2.65351
3.50284
2.42973
6.69878
2.80623
0.176922
6.6777
3.84918
8.27358
3.76564
5.87722
5.2045
8.04367
4.90397
8.61371
7.19752
0.767583
9.97931
3.0019
9.43289
9.59667
1.77317
0.159571
5.07331
8.47799
6.68924
3.91393
3.32599
8.61888
2.96465
2.63385
1.27239
6.46749
5.06357
7.97117
9.27372
5.2405
4.64888
3.1229
3.51407
8.41452
9.00012
8.71857
6.45819
3.9041
7.33229
3.65571
4.67168
7.3116
6.65761
4.10457
6.90827
8.43079
4.26414
1.98158
6.90878
0.953373
5.89551
0.234766
9.57226
8.86017
2.86861
0.844651
5.32766
7.93219
8.81583
4.60138
3.17268
3.4647
7.72428
6.68676
1.87922
6.72441
5.40533
8.33741
0.628502
2.73762
1.99312
5.30018
0.0492213
8.65074
9.40475
6.95749
7.08153
3.66888
8.93907
3.9903
4.62226
4.83459
4.22507
4.19451
3.69475
7.09368
5.03916
9.02241
5.02587
3.85499
3.62379
8.19856
7.31969
1.34808
4.88531
9.19891
8.07248
0.290646
7.53632
8.70099
3.02827
9.52944
4.00117
3.07749
8.18018
3.40591
0.0349782
5.26171
7.0748
8.97405
9.25201
1.69705
3.80864
3.47708
5.89157
7.50339
0.570765
0.930728
6.52581
5.59664
4.78572
0.1496
3.79519
2.10541
1.49768
8.68051
1.30432
9.57016
8.97115
8.84064
8.27115
1.99942
8.37008
2.27232
5.0769
6.55026
5.67823
5.11188
1.81197
2.75303
4.08594
1.06398
4.45008
7.89458
4.54106
0.341644
5.39797
5.11183
1.27237
1.92378
0.708463
6.05809
2.07338
4.50365
8.1635
3.57105
3.18416
9.46781
3.14122
2.15531
8.30845
1.41237
4.15473
6.67853
3.68468
9.23163
3.22879
9.36291
4.34352
5.04076
2.11594
8.42945
6.10474
6.56602
6.32403
0.645806
6.90766
1.722
5.75763
8.18003
3.64577
6.4661
4.23812
5.71915
0.969749
2.40162
9.2902
4.15391
1.86943
2.43142
6.30922
0.177885
3.84379
0.463947
6.85642
7.52847
9.69558
0.0852082
6.89138
4.0391
5.12597
9.00732
2.46855
1.23071
5.57334
8.79258
1.87652
2.481
0.514572
7.63415
0.661032
4.16035
4.10025
4.89916
9.87949
5.07
7.30078
9.1697
9.22391
9.17021
1.60112
5.53313
9.3481
5.44491
5.99707
6.20451
2.97337
5.69265
6.28972
9.86475
9.73175
1.41569
8.87207
2.20029
2.64641
4.44541
0.99287
4.52293
6.9264
1.50744
2.15708
7.58743
5.66779
6.25733
2.48659
5.54728
1.32733
9.78737
4.71698
0.551233
8.95758
6.3181
6.08436
8.30568
1.763
2.08143
4.51019
4.73638
7.77408
0.799913
4.60113
7.50583
2.2156
3.4732
9.70612
4.86201
7.9186
0.698994
9.38494
4.84501
2.20644
1.54202
2.43244
7.87422
7.79935
4.91903
3.42151
9.12667
4.7064
8.13849
9.67791
3.66398
4.45659
5.76227
1.96966
6.21959
7.8437
6.47985
0.955968
5.61778
7.27977
5.5571
3.12361
9.49537
9.0303
2.82973
4.35738
6.9489
3.52873
3.74232
1.79391
5.73516
5.28434
4.22635
3.60939
3.08368
9.14538
7.03089
2.21036
3.85178
5.16938
1.88827
7.51576
9.62596
7.65053
9.48542
5.84556
5.49423
5.96528
6.80152
1.11201
3.24504
2.35862
4.23562
2.74041
1.38892
7.06535
7.0978
8.33782
0.594078
0.840116
0.131727
6.32924
6.12445
4.35807
9.93863
9.20814
3.50345
6.96952
1.4185
7.35523
2.1389
3.30676
4.87099
1.76486
0.957295
4.35642
7.61042
6.45152
0.321694
4.41194
7.56353
3.56674
6.77056
1.79915
6.30715
8.15948
8.8645
3.40495
6.4973
9.45858
4.24506
6.62903
5.78782
0.369517
0.987103
5.72645
9.57766
4.49056
2.69597
0.996152
1.84579
4.83487
4.30292
6.71678
6.59974
5.26021
1.0732
4.21016
1.71174
1.39489
8.6221
9.27527
4.96163
5.39266
1.07442
1.26878
3.55215
9.93892
4.67373
0.0494494
9.3975
8.91879
6.67848
5.18532
9.28831
7.66558
0.911774
8.86596
2.15614
3.60775
9.86212
4.00193
8.44262
4.16503
0.718709
5.04235
9.42524
1.79191
9.25251
1.13698
3.1868
7.87461
0.412247
8.14843
3.26727
1.48667
9.41721
6.81942
1.42559
4.09094
6.86887
0.823091
3.00974
3.54735
6.00841
2.29804
1.21293
6.92019
1.16401
3.36907
0.527934
1.02612
7.37099
8.97055
5.19116
8.0897
4.0129
4.6164
9.88161
3.26541
5.75338
3.06841
1.14002
6.16562
1.21684
4.40729
7.65229
0.634059
1.22671
9.07788
4.725
8.09558
9.90097
7.73474
1.64293
5.90938
0.0327831
2.85585
2.82957
1.19679
6.22492
3.35751
2.22292
3.59591
2.32806
7.41407
1.68561
6.34096
2.03047
1.56722
9.60638
7.78385
4.63563
0.746397
3.94947
5.85248
5.15369
1.60176
6.48654
6.3804
0.679636
1.21154
4.47598
0.580606
8.94628
6.1189
6.48999
8.97906
8.97476
9.31956
0.175852
5.19968
2.67707
2.39877
8.79559
5.00513
9.81284
0.4812
1.34609
1.84331
2.04842
0.95247
9.62716
6.68406
1.69887
3.57662
2.53653
6.85256
5.17838
9.02307
3.23296
5.85802
0.234608
7.70894
6.43862
9.18088
3.82784
2.92861
8.15995
2.8026
2.24818
8.3358
8.00228
4.92525
0.734564
6.79787
9.93038
0.547404
7.27907
1.27647
2.39071
9.32749
2.22894
2.01787
6.01154
3.9278
5.59449
8.54808
0.780362
0.772872
7.57115
4.01332
6.63089
7.80576
1.72226
3.06951
6.98664
5.5501
5.99812
5.14659
8.3527
8.2463
3.48238
6.35498
3.17155
4.21695
3.15284
3.10192
4.76435
0.431911
4.37839
7.15506
9.7594
6.60733
9.17293
5.77094
0.535132
4.76742
4.31902
1.31549
5.54029
1.89017
5.32881
2.17118
9.69592
7.05107
5.2407
6.68256
2.60117
1.23882
1.82915
0.953868
9.48512
5.31153
7.30885
2.65667
9.52848
0.46169
5.75859
4.29283
0.893601
0.136978
1.44789
0.653001
6.7443
0.620819
6.42395
7.27944
5.38824
0.742968
8.59493
0.928536
2.63314
3.92375
3.09972
2.32906
0.974815
8.34042
9.01163
3.57598
9.57924
0.840777
4.52985
9.06436
6.15231
1.8387
1.72102
5.68078
2.30039
7.47961
9.97361
3.19399
7.61659
1.4215
3.84699
4.36089
2.04232
0.270937
1.64033
7.43056
1.01391
0.235263
8.3591
3.64704
4.15901
1.45882
5.97611
5.13382
9.79923
4.98773
8.70981
9.37847
5.82851
3.23966
8.44282
1.98082
5.07836
0.163848
7.6616
7.37875
7.64346
7.63521
0.572737
5.26005
9.05671
4.41973
9.62094
1.09903
4.69067
1.26127
8.52959
5.70457
1.49654
6.88869
9.35162
5.65554
8.3475
5.32772
0.789367
8.14673
0.315454
9.49917
7.5252
6.14396
2.73883
5.96803
8.12478
7.81719
6.13187
5.78638
5.19594
3.77533
3.4216
5.76868
9.03538
2.47831
0.188405
8.65632
3.57734
4.87907
9.91759
2.10693
0.583643
1.41413
8.99561
9.93526
7.06967
7.34312
5.26298
7.85904
5.48985
5.57843
7.35821
3.01505
1.7224
0.0970471
8.98308
9.84718
7.91424
5.11495
5.63356
3.11018
8.89028
9.05516
8.87885
7.92566
1.53347
9.06726
6.58198
5.1108
3.94633
6.49958
7.21773
4.52997
7.91371
6.21334
4.46523
4.98338
3.55646
9.72821
2.84242
9.04631
5.30665
0.200635
2.06136
7.02904
0.297682
1.04443
6.87622
8.21192
6.15938
2.50979
1.3221
5.04967
1.56494
0.200951
2.97533
3.09841
9.26821
9.55731
8.20921
3.21454
6.05689
5.42694
7.74451
3.9706
1.64029
2.20974
8.95398
5.19675
1.93796
1.7964
4.24306
7.2446
1.99703
6.30442
4.27365
2.29472
7.34885
1.14987
0.506637
3.50823
3.65965
1.82873
8.5579
5.2246
2.02969
1.53323
8.32301
1.29789
1.09054
6.53222
4.51243
7.14743
1.95917
2.25695
1.11803
3.59946
4.46669
0.0720115
8.7962
6.40465
1.86841
3.03926
3.64925
3.86545
9.34368
7.92289
6.16016
6.69253
9.07276
6.6668
0.200761
2.73241
8.49553
8.75866
7.95701
0.52522
0.291891
6.28002
1.82311
1.38243
2.81224
6.33555
8.52987
4.77141
8.59249
9.6479
8.37086
3.05918
9.71991
7.16707
9.46383
1.58832
0.206331
3.11308
5.45377
9.55001
1.03597
1.61393
6.24253
0.108729
8.28073
6.44329
2.84114
6.77627
5.20196
0.798156
7.30149
5.49385
7.07818
9.1246
6.87628
9.89042
5.46015
5.40615
4.66183
4.05264
5.05405
3.03269
7.11183
4.77396
0.199763
6.57565
6.36228
0.406094
9.68873
1.81605
9.9561
0.724699
3.42998
6.19864
0.833427
1.71071
2.64193
3.67457
8.48698
7.84389
4.47273
5.78847
3.33773
1.5509
4.91307
0.214015
1.44132
0.373215
5.62016
6.10315
4.42586
0.67421
9.13584
1.53768
5.44817
9.3356
8.11334
1.81045
9.7417
7.80207
3.6265
9.6978
8.52677
7.05648
5.89643
9.36019
8.76719
8.53836
3.03476
7.25417
6.38225
7.50749
3.04264
9.71998
9.05839
7.95571
9.934
0.499713
8.32892
5.55416
6.60286
2.75478
6.22837
5.7387
4.29246
1.67654
5.07431
2.4058
3.48699
4.81601
0.207867
7.11349
4.51381
8.73463
4.16997
0.41024
8.09483
2.93716
8.94861
1.12959
0.191338
5.33086
8.63708
3.23398
5.05084
7.69547
1.18968
4.98484
8.19519
9.5186
0.539002
4.79805
2.27338
6.76737
0.536751
6.56585
8.44391
5.61106
8.97164
1.9309
0.427066
9.17951
9.04439
4.94087
7.91415
3.21436
5.35111
6.00897
6.15153
4.29972
7.13856
6.34287
9.63057
5.77565
9.57684
4.68141
3.47112
0.766529
9.66625
1.66631
0.285133
0.205255
6.46435
2.55852
6.97263
7.00111
9.12436
5.41654
2.61216
8.09601
7.34745
3.03923
7.27552
6.39184
7.9801
5.18966
9.60621
3.33121
1.19864
5.75774
7.63093
8.3372
2.1006
7.2615
4.11285
1.67745
1.94292
7.58397
2.44398
1.60917
9.25027
2.72911
1.81442
5.71463
5.28763
8.78705
2.71573
4.41199
4.2036
5.3279
2.50799
1.55104
8.36713
9.78351
7.94289
6.34723
4.97318
7.54909
9.67845
6.17181
3.30683
7.30938
4.50901
5.40743
4.57088
8.62186
7.08488
6.5138
6.20583
9.52886
8.12297
5.45611
2.25797
9.93739
1.17073
7.5456
8.72444
3.88647
1.95758
2.92804
9.21437
4.46558
4.47909
7.5815
4.24909
2.42197
3.92873
9.22227
9.97107
3.60718
5.39408
3.2779
0.916553
9.90309
8.68533
5.48743
8.52496
5.77021
2.00123
4.73079
5.29907
0.124195
0.186892
7.55704
0.0615858
1.35763
5.10264
8.78603
5.2441
7.06022
1.71407
4.45847
1.5258
6.19316
2.03996
5.77489
8.61513
5.9687
4.99716
8.5862
9.57587
0.391236
1.86409
0.492425
0.294331
0.549424
5.97986
8.81929
6.31964
7.98109
3.55007
1.61871
8.10528
3.73697
9.17575
8.16687
5.09459
4.27838
6.9529
0.338689
1.3386
8.66697
4.79715
2.8644
4.86012
6.83712
8.63929
3.47525
2.80582
3.63644
2.06145
2.38169
4.02768
3.92554
2.87411
4.32201
4.47497
8.85397
3.1413
0.794603
6.83506
6.69137
2.41331
4.94034
0.428336
1.58906
3.1072
5.52293
5.86744
0.0601
5.86162
7.20604
8.72707
0.658773
0.0704384
3.58719
7.49589
8.70973
7.06245
0.301709
2.34617
9.1239
2.6834
6.37385
3.04944
5.55751
0.695856
7.5244
4.41148
3.83715
8.31901
1.24654
0.528522
0.732317
6.18688
0.956858
2.32137
9.29408
6.47979
8.18881
9.35418
2.34141
5.39486
8.08125
3.00018
5.46529
1.66844
0.496072
4.17502
8.73089
0.79778
6.52119
7.85478
3.48118
2.89503
0.904219
9.03869
3.59089
8.42862
3.45017
7.42804
6.74763
4.69671
7.95656
7.47995
0.883591
8.91342
9.80132
0.177673
5.39321
7.99014
9.53185
7.73461
3.38499
7.6131
0.734792
8.85028
9.28155
1.23086
3.0253
8.01243
2.02864
9.54649
5.86721
5.50982
2.44152
6.77143
4.54851
6.03241
5.20006
7.99868
3.46045
1.94769
2.6954
1.41701
9.42763
3.57899
0.33043
9.22895
3.75666
5.72364
7.21909
3.28852
3.45825
0.604078
0.901621
4.19304
9.45436
0.183167
5.42391
2.47966
8.1956
7.45255
2.02615
4.06282
2.96237
4.46767
0.834249
7.51088
0.500077
6.03431
5.50957
3.96052
7.98199
8.20497
5.37753
7.40962
1.78395
5.70796
6.63858
5.54062
1.4316
3.85767
8.82913
4.88985
4.46174
9.73076
9.0829
3.91611
9.91392
4.5068
6.39577
8.10952
1.95935
8.42192
2.17234
4.92173
2.88959
3.00659
2.43261
3.38967
9.04089
7.94218
7.35019
7.02288
6.14715
2.72773
4.43251
7.9311
8.43569
1.07108
3.47172
9.86729
4.92875
2.30085
4.75714
9.39049
2.03161
3.84004
3.3066
1.94553
8.34684
9.70237
0.0550541
0.306197
8.12429
2.22739
5.22793
1.01388
5.23398
7.66054
4.40355
4.27487
5.60272
1.75374
1.29776
1.74987
4.48147
5.73026
9.68097
2.91716
6.80135
3.15269
2.78445
1.7301
5.45354
7.54159
1.12059
7.48515
1.38163
4.42719
9.43068
9.72847
4.12956
9.48574
0.0346688
2.25385
1.71313
5.26259
3.26773
6.94711
2.92313
7.67127
1.22198
8.52585
9.42501
2.51973
0.275717
3.90648
8.25
9.95669
6.82364
5.05134
3.10937
9.60808
6.78144
8.56292
7.14967
7.90203
6.04807
8.5313
2.32923
5.47875
8.25977
6.45878
4.96448
8.29444
8.71263
6.67761
3.55704
1.98036
3.62471
6.48017
9.65163
4.84669
5.00602
9.07665
7.36642
5.28174
2.98313
5.61642
5.23842
9.80677
0.667763
8.34779
9.41485
7.44921
6.91071
6.56452
5.35124
2.95877
5.09582
7.68046
8.43752
3.3556
4.13925
3.402
1.65004
2.85188
0.0796111
5.20708
4.83224
3.70433
1.68724
4.48388
8.55102
6.69326
3.56052
5.91744
1.975
6.54365
1.53386
7.21342
6.35042
2.20162
5.56121
5.76527
9.65083
2.47192
2.32979
5.00207
5.4307
7.42561
2.68253
3.86822
0.781209
6.82178
7.27022
2.43125
9.67366
7.34983
7.63832
4.5059
1.05416
9.32557
8.98978
9.60517
6.01883
2.5503
5.52261
7.99382
9.09396
7.05647
5.20724
5.44438
9.2581
0.768451
1.20964
8.90893
3.24037
3.53943
3.911
8.67107
0.965046
6.59353
2.53929
1.74625
3.41531
9.8095
4.1775
3.08897
7.15934
1.81582
7.59488
8.21349
1.14139
6.58466
7.81866
7.16022
9.13496
3.34128
5.15404
8.22892
0.397754
0.361281
3.6733
9.65585
1.12973
4.88295
8.56478
4.3701
8.42238
2.47578
3.04117
9.38743
9.06931
5.58046
1.13368
2.48462
5.38996
5.31118
5.57359
2.5493
7.12701
3.16847
0.762789
8.2684
9.75313
8.58145
5.42861
8.88809
1.92273
0.582655
7.11702
2.32049
0.943936
0.790318
1.97634
2.07367
5.67326
0.541121
6.44377
4.09564
3.0169
9.48494
3.48307
2.0862
5.0654
4.61675
4.57082
0.455363
9.92793
0.144408
3.00466
7.05493
3.31288
3.76745
5.32333
3.06601
2.3489
0.751944
1.9541
4.27164
1.3346
9.07112
6.59212
2.27854
9.86144
8.56846
4.3522
5.5347
9.10959
0.795975
9.63035
2.12648
0.280919
3.11341
4.21269
5.34632
7.73016
8.7835
5.80168
7.65809
8.92791
8.80634
4.71302
2.24079
2.57379
0.0363524
5.3068
4.92269
0.788296
7.2609
9.19433
2.1229
6.33202
5.78645
4.40143
6.19346
4.35492
8.75363
1.72816
3.4645
9.54961
1.35851
5.59099
9.83053
4.47192
9.80367
5.17685
2.20208
8.58718
0.978531
9.86017
7.51509
9.78487
4.57319
9.75588
2.35867
4.60954
5.06268
7.28136
5.39784
2.32358
6.47569
7.52074
8.6556
2.26214
1.92217
4.84905
6.61706
0.675799
6.57721
0.0815668
0.225408
7.93572
5.67255
0.0559356
2.40764
5.47623
5.23278
4.60972
4.0634
6.21131
4.46989
1.57849
5.99619
9.04308
1.33437
8.35485
3.65262
6.39705
5.63621
9.05046
8.72062
2.1119
6.57119
7.37622
4.37405
8.49336
2.22527
0.991111
9.16916
8.80248
1.07268
9.39457
6.7382
6.74523
9.4505
9.14584
2.22146
4.68329
3.75556
6.28486
0.894601
8.22544
7.86336
6.89079
7.26852
9.19773
5.24564
0.921136
5.59477
0.881858
9.97159
4.3154
2.99376
6.54279
1.69161
7.36781
5.03615
3.91688
8.35892
4.20531
2.71937
9.4316
3.59987
9.45757
6.17683
3.05038
8.60341
8.39829
7.73366
2.35896
4.68315
8.62826
0.584402
2.54651
5.51905
7.85292
1.74424
0.764696
8.77406
7.33901
1.64655
8.74565
1.6544
4.64032
5.28844
3.34602
2.00813
0.324587
7.2629
0.36705
4.52989
9.98227
9.79865
8.12977
9.43983
5.97548
1.18014
8.04324
4.37377
8.91381
0.402201
9.05692
7.54207
0.986603
1.60343
3.06112
8.83952
3.34767
3.82582
7.61358
0.686679
5.47237
6.35923
2.34108
0.11269
1.64767
5.6871
2.12082
1.97225
2.95
2.48787
6.50215
2.93227
2.28652
4.63191
2.3721
8.262
5.81206
0.415342
2.63577
4.72587
0.817544
1.69269
2.26794
1.80415
3.29613
5.32906
0.64367
6.6438
9.15488
8.25725
7.33047
4.62725
4.61647
9.67156
4.73994
6.26414
5.35866
6.86076
8.23639
8.30866
9.34863
4.73854
1.24093
1.63514
9.37045
3.61303
9.89714
5.18251
4.02838
2.53291
9.90838
4.84592
4.2256
2.17631
6.65007
7.52173
7.50537
7.29374
4.16553
6.66025
5.55098
1.496
1.2875
0.167457
1.16756
6.02744
6.4316
6.52622
2.88819
4.66799
4.83488
2.23682
9.40653
6.07581
3.87196
8.77698
9.68885
3.76911
3.95949
3.71722
6.30202
3.86787
8.56314
0.527619
6.04418
5.21321
8.04935
3.54955
2.50694
2.21487
0.209798
8.05793
3.71087
1.4973
8.22538
4.87843
7.52473
4.65698
1.40465
0.412928
9.32497
6.23954
2.64975
8.7315
2.31535
6.52171
7.50848
2.0042
0.29082
1.46797
5.72142
6.59284
5.33584
4.28456
7.12046
1.38002
9.49777
5.16981
4.92957
2.00471
7.38468
5.13937
0.0626365
1.09555
6.63666
8.28802
5.97399
4.16139
2.945
7.37864
4.57432
2.26997
3.61818
7.22407
1.00147
5.93353
3.74578
8.50994
7.93772
4.0366
9.97791
3.65914
0.629441
5.31375
7.9437
7.7499
6.69376
7.44147
2.9197
1.62333
9.44618
0.304383
6.76269
9.50881
1.39994
3.39935
7.79683
7.37393
7.56075
0.741833
4.75257
2.13507
3.0118
8.37075
9.35914
4.01327
4.30428
3.10492
2.52321
2.242
7.14153
2.50112
5.90114
7.77097
7.81487
3.84484
5.52087
4.50863
1.28631
8.44057
6.13196
0.732482
8.74495
2.89465
0.241294
0.144891
6.29401
8.03813
7.51882
3.85476
8.77996
2.27139
5.98983
1.79176
0.642133
5.34897
5.80503
4.94641
8.45389
8.32825
7.18841
5.59542
0.829369
3.08955
3.36639
8.64424
6.93439
8.88726
3.15287
8.22069
7.32783
9.28483
8.95317
6.07278
2.17949
9.19447
6.21767
8.4735
7.2326
3.73649
2.32825
6.01256
6.00788
8.31808
7.80432
6.65001
3.66705
3.60935
1.59642
2.12094
1.9376
8.78482
7.71636
2.76697
1.87437
1.08275
1.4112
8.80876
9.97001
4.56407
7.02945
7.29784
3.84891
5.98262
3.37063
6.02839
5.17709
9.5883
4.50189
2.40969
3.32479
6.83014
8.42224
9.33267
5.14822
6.22656
5.98268
8.81527
9.83591
7.57909
0.936216
1.77351
6.36392
8.65258
4.54047
8.23829
9.73533
5.95168
7.04705
9.70535
0.515752
4.0765
7.00319
4.36466
0.059123
0.373817
0.393052
5.23622
9.96212
4.89494
7.6459
3.28691
1.72508
6.06815
2.61958
6.87331
2.29471
8.60226
5.68858
2.13062
6.18135
6.6248
3.90413
2.54527
5.27738
8.4446
0.783562
5.01271
4.39628
7.83061
4.71806
4.91203
1.90711
1.72125
9.27669
1.96623
2.09506
9.66974
7.20245
2.05718
4.56468
4.84835
5.34409
6.28977
0.916498
7.96368
3.16308
3.21121
6.56593
8.85166
5.34183
2.74729
5.47646
9.24596
5.29256
0.753838
7.69056
6.07612
5.76655
2.08684
3.90673
0.484605
6.99888
5.81384
2.20585
6.27557
7.78007
4.30091
5.94531
4.98252
6.3581
0.509996
9.83087
1.70219
6.79976
0.747368
9.66587
9.96284
3.95858
6.2318
8.8145
9.3004
8.97909
4.29096
8.54636
4.27165
5.0448
6.23692
0.347767
0.811347
8.32377
4.2545
1.29595
5.32264
0.0683386
3.5018
1.59821
7.84841
7.80272
7.54352
2.83093
4.16081
8.05352
2.6618
5.863
4.85328
3.40917
5.52887
4.81612
7.36774
1.76067
3.63063
6.66815
0.739752
7.92159
5.21451
5.0114
2.96639
1.45143
5.35917
3.77773
9.7752
9.61366
5.07369
5.09784
9.682
8.57549
6.69605
7.53041
6.37821
4.23958
0.361342
0.539017
2.2931
3.02314
6.40202
7.14638
6.43231
1.93088
1.9625
3.80005
3.69155
5.59313
0.468193
4.4313
3.51472
5.6827
9.4427
6.48111
7.13413
4.80186
0.258841
6.90933
4.41553
5.33253
2.00717
4.09753
3.90802
8.70323
1.62794
0.286222
2.94281
1.98929
0.825239
5.2359
5.01243
7.22726
2.38228
1.44473
9.15814
4.34479
5.24478
2.84969
9.93792
5.71297
7.28099
3.45264
1.39567
6.72369
9.93374
8.52981
1.52555
0.192583
5.43914
5.94108
5.52511
7.44631
0.0386135
9.43313
6.14954
1.66656
9.71935
9.09234
3.65584
0.544588
4.32825
8.66827
7.77184
6.71053
0.113002
6.92998
1.05531
5.35778
9.77967
0.99323
1.07076
7.06066
4.44587
2.46643
3.78435
4.37961
0.996234
5.3099
4.57219
6.43537
1.25099
0.0973012
3.88168
1.2896
9.53043
0.0312199
2.95616
9.24978
9.12356
6.612
9.79437
3.45181
5.28027
7.56621
0.162339
5.39327
4.49619
1.21765
0.751056
4.27587
2.21088
1.82181
1.33653
6.65675
4.28824
5.12088
1.03635
5.28447
0.430786
5.60855
1.71984
1.68177
5.70585
5.60152
2.97137
5.23628
5.63274
5.92753
4.48605
4.75631
2.53953
4.28042
8.20812
7.81981
1.84663
8.37046
3.21308
6.34282
9.58811
3.96413
0.618691
1.79899
5.78595
1.95522
8.45574
0.0741849
7.0761
9.4921
5.35866
7.50689
5.10064
7.0785
9.18866
0.806487
2.68003
2.16004
6.04276
8.31277
8.08757
0.528816
3.06908
0.627101
4.80924
1.2772
8.44691
6.65587
9.64766
1.65998
2.99869
9.23577
5.62412
3.61738
1.03476
1.41006
5.5726
9.4905
1.48425
2.64871
8.9826
6.84291
0.155594
4.08324
3.92141
9.34426
4.88973
6.60144
1.50429
0.93249
4.91421
9.59186
1.46131
7.98329
0.218962
6.27054
9.26049
8.66587
2.92641
8.90815
0.325853
5.9251
8.14392
5.94997
9.54248
9.17869
7.36004
5.11508
8.66919
8.84429
7.76378
7.65179
5.68719
7.91938
1.73503
9.6086
7.26363
6.62476
6.21004
8.76793
7.55725
1.12425
8.35979
9.01855
9.10754
8.57875
5.28909
8.36803
7.24462
8.2155
7.27618
7.57047
4.1406
5.4201
3.52044
3.68307
4.59879
0.880478
8.79815
3.26798
9.72476
6.56193
0.919769
5.41196
4.48131
2.6548
5.02056
1.74495
9.27956
1.2306
0.512874
6.8368
2.35485
8.87266
5.85536
1.46238
7.45141
1.14445
9.83041
4.69603
9.35995
7.10659
2.2665
3.50055
2.52669
5.78694
7.18362
7.12548
6.66742
5.98177
0.39346
6.39218
2.54371
1.31323
1.80414
7.02502
3.96803
6.8247
8.76997
3.24758
8.0553
9.28284
0.0843887
0.410144
8.1555
5.93975
1.87253
5.60691
7.0842
1.70294
0.30294
6.44415
8.80953
2.56944
9.9447
1.33622
8.35638
7.12832
8.4617
5.0238
3.11009
8.85516
1.41598
5.6538
0.168393
3.22012
2.67882
4.13642
0.0448178
1.44879
7.38401
8.10012
0.731626
7.46839
8.51026
8.88713
3.40814
0.382788
4.49404
0.492338
2.08573
4.79698
6.93649
0.895259
7.36642
6.88119
2.23148
5.7228
4.00951
0.693187
0.746592
7.1196
9.54835
2.16257
2.77341
9.71674
5.38269
5.45223
3.85316
5.42751
6.90101
1.23717
3.52762
7.63264
8.70556
2.03788
6.51977
2.1137
2.42067
1.0138
2.60604
4.5064
5.81078
9.54253
5.40166
3.1772
6.42372
7.63314
8.89999
0.433228
8.32633
9.64658
7.55283
7.87468
1.80916
0.326239
7.59142
7.19185
5.77847
1.44459
2.61936
2.67948
2.68175
6.14698
0.312118
1.38732
8.18487
6.83188
3.50102
0.605538
7.84569
6.10706
5.11194
3.65647
5.64959
0.513595
6.83367
2.07331
8.14674
5.73366
2.50654
6.47306
5.38024
0.0593706
4.34774
7.1894
0.38561
1.93916
4.38125
6.16408
3.38375
7.00061
8.84355
6.0655
3.14759
9.15567
7.45282
1.33246
5.98756
0.953844
1.93799
3.83324
7.06091
7.04993
7.48971
2.7105
7.56353
4.32338
4.78381
5.71026
0.0570369
7.29035
2.18333
5.43728
7.34972
6.53107
2.62668
7.73533
8.47023
7.00793
3.8994
1.85398
4.00854
2.74296
7.91949
7.15613
1.89863
5.37231
8.48859
7.88619
6.32615
0.426583
1.71943
3.38706
7.47652
9.20914
6.09756
5.04004
3.53252
0.881368
0.750307
3.58956
8.17172
2.93363
9.02684
5.52143
9.4647
1.65352
3.25676
7.93494
8.66145
7.15617
9.78892
2.67
9.89912
7.7084
9.82613
1.79776
3.08071
8.31472
9.68394
9.40686
8.7413
1.40338
2.79392
6.21781
0.61252
8.89148
1.25786
4.14504
9.77285
2.00816
7.7346
7.94456
4.9418
6.76144
3.466
4.4065
8.41496
6.72276
2.34144
7.07642
3.87892
2.13036
9.74641
3.77805
9.83876
9.57254
5.5758
2.91947
7.88726
5.25975
2.32634
6.62856
6.66313
5.12026
2.84637
7.27565
4.01174
4.10423
1.42069
3.78459
6.11239
9.15529
1.72915
1.05419
5.91673
5.19515
5.4607
4.33169
1.91791
7.80214
1.40811
5.79684
9.93249
1.15452
9.57488
9.77126
0.727066
5.15069
2.69073
8.61432
0.410438
5.01707
5.24288
7.07356
0.137329
8.08925
4.34921
4.14907
2.19348
5.7699
7.93366
8.30587
4.92518
9.66281
9.36006
0.841913
4.85796
4.82076
5.17361
6.77588
2.62289
6.58172
2.57271
2.55539
7.73624
2.1476
2.32664
8.46331
7.29828
5.01738
7.07763
7.70872
0.0344449
2.32051
4.78229
0.171774
0.409756
9.13149
4.32084
2.60323
4.90139
2.2545
0.909101
9.82657
1.91732
0.269162
0.668486
6.77528
5.08992
5.84209
3.55116
7.71281
2.42381
6.12387
0.268198
0.160048
8.27146
2.59484
8.62335
5.56975
7.61222
5.70098
3.27847
7.64666
8.02149
8.06075
7.81844
8.43125
7.19225
2.13928
1.03448
2.09363
4.39378
1.94358
1.92021
6.3111
2.21274
2.58869
3.08638
7.30266
8.43078
6.63754
5.01547
0.854591
2.7614
5.28367
1.01464
1.03286
7.87851
9.63799
6.60261
5.49073
5.33898
9.88108
3.13739
3.36047
7.94183
0.95583
1.79172
5.13407
3.09511
2.8262
7.22771
7.4889
4.76978
9.14792
3.8
6.98252
1.73661
6.88638
4.28519
0.167392
3.52391
9.30066
1.02198
6.28531
4.58433
2.03662
7.31818
2.46285
1.67462
3.92078
7.95358
7.01359
3.80186
1.09097
0.374064
1.74369
2.0468
2.16578
6.87776
5.14191
4.99198
4.10547
2.63081
9.76176
3.25338
6.43081
6.74428
4.98999
3.31718
1.02947
5.15738
6.84109
0.330133
6.17937
3.12641
4.91447
8.21599
0.444584
7.37731
9.89061
4.36537
5.33089
6.9042
8.16723
6.42187
7.27827
9.91091
8.46867
9.44405
6.78867
3.61058
4.43603
0.894142
6.24139
4.19778
4.14753
2.6722
0.942069
9.13752
5.98938
1.97154
4.2949
2.83047
2.30167
0.474272
5.95688
7.21614
8.69026
6.40146
4.59346
8.58087
0.766832
9.92435
5.48508
8.93406
6.34622
2.76334
8.84497
4.81488
2.20739
5.63365
8.42547
6.64341
6.52779
4.66686
0.841199
0.675315
7.33905
1.78327
9.81283
3.32843
3.75481
4.10774
6.1589
6.05648
4.58201
2.11578
3.27262
3.27227
8.51725
7.86608
1.85314
9.28408
7.79043
7.33822
8.21814
4.13664
0.101561
7.06311
8.95153
2.30895
2.69676
7.37699
8.95236
9.22454
2.04385
9.79356
9.89986
9.3829
1.57683
9.71269
2.71133
5.33164
3.82043
8.87023
1.38812
8.40244
0.986016
4.66074
1.67471
9.50326
2.52682
3.52786
8.78734
0.317253
0.866076
7.00548
4.4539
0.967637
4.06859
3.40542
3.27659
6.76535
0.782417
2.22895
5.98989
2.82627
2.02251
5.88975
2.20917
3.59934
5.60245
4.9205
8.93098
9.42287
3.79073
0.319101
7.82531
4.77675
4.97985
9.50002
4.28001
7.50667
3.02788
3.06735
7.82392
3.89396
0.0728341
2.27782
4.86159
4.14143
5.68325
8.13818
0.906774
6.46566
0.367128
6.89667
9.29193
2.38964
2.78642
1.5011
5.98898
8.38886
6.42159
4.91996
7.81174
0.212323
5.23906
5.63705
4.98907
0.218905
5.13708
9.26908
7.72557
8.16496
2.33643
5.5495
2.05891
2.40926
7.82732
6.92051
6.55069
3.51056
5.05869
7.45747
9.97623
5.42581
4.35413
9.26815
7.81545
7.14055
0.769249
3.80443
5.52942
7.19084
8.72439
3.34115
7.40316
3.96345
8.97821
2.39223
4.18235
4.11528
1.66131
1.90793
2.28024
3.99774
7.45743
4.33915
6.40701
5.28475
1.25966
2.9577
8.79531
6.31834
0.415163
8.77153
1.74416
4.7693
8.03969
9.55961
1.90985
8.80894
3.36404
7.43926
5.99978
2.08843
0.780419
3.40294
6.05188
9.75862
5.79517
0.234234
3.87391
7.45649
2.14216
6.15415
1.45423
9.59959
0.493298
7.86123
4.88434
1.75296
0.818932
3.67965
8.0713
1.23409
2.45118
9.81546
6.00339
0.49087
9.37507
7.91324
9.29981
2.73911
5.3525
5.29958
4.82754
6.13292
8.70253
0.87942
5.89155
4.4977
1.11365
9.76545
1.95419
3.25582
5.9196
3.40841
2.85541
6.4129
1.26965
7.73975
8.16585
2.08858
1.41939
6.23715
3.32267
3.87058
6.05261
9.32606
4.36145
5.42768
7.2393
3.66125
8.16679
2.5918
8.96084
2.99433
8.72472
7.66336
3.87375
4.61627
2.16106
4.98741
4.38172
4.11525
8.24322
0.301319
7.52366
1.09863
6.71421
8.79331
8.83838
4.88007
0.881889
0.257775
1.11722
4.20456
4.12835
7.16983
3.53063
8.4898
2.59752
0.769929
2.15105
0.764308
3.36173
1.11188
3.75864
2.08646
8.77525
7.63239
6.70273
0.936309
2.6198
1.08445
5.05156
0.86302
1.38577
2.57522
1.96165
8.09998
1.36853
0.800034
2.98005
2.25042
1.05781
4.09727
6.45498
5.18616
1.2671
9.98561
3.67596
3.86462
0.75554
5.827
4.62893
4.11727
6.93889
8.38756
6.20373
5.71413
6.01996
2.90646
6.65044
8.63975
3.99091
1.702
9.50277
5.37667
4.27722
1.46443
3.47666
5.64575
2.26446
6.4567
7.89617
3.32227
0.553973
4.35116
8.50843
1.82108
4.33677
2.18438
5.68569
5.09231
8.01139
0.314618
9.20958
4.95027
8.70218
5.41331
0.664406
4.72214
8.31977
7.31485
3.36189
2.31068
9.01685
2.86466
7.68735
3.29407
4.32909
1.164
8.93982
6.59355
7.62071
6.836
9.91582
8.17468
1.18715
8.42424
9.99576
5.52392
0.608625
5.68145
0.616229
8.62001
5.99607
9.82581
3.57028
4.69825
5.23912
4.23469
9.42039
3.55889
1.54954
2.78228
5.86957
0.566387
5.64694
3.55692
3.86046
9.97603
4.72092
2.80028
6.56958
2.34163
9.63628
6.48539
0.516309
0.82343
4.90964
0.512065
6.34735
5.51826
6.19351
6.96358
4.13827
2.18958
6.78939
7.70856
6.88783
2.02851
1.94325
6.30822
5.5874
3.49279
9.0905
1.45697
4.05917
4.73744
5.01388
7.91963
4.71347
9.7348
0.719911
1.28305
2.07643
0.356188
7.76845
2.59274
1.17962
2.67808
3.10481
7.52697
8.19635
9.29832
4.49055
2.33462
1.4879
1.27994
0.0431758
8.37573
3.30845
1.98642
4.68395
8.89585
5.47921
3.77445
0.352822
9.53838
8.51189
5.36671
7.45801
3.22536
5.10151
8.17792
4.50842
7.17794
8.53411
2.27686
9.77068
9.71373
4.95495
2.87549
7.2407
3.15129
2.17381
1.73125
5.48591
3.66171
3.01118
5.52909
2.03744
6.31963
7.51551
6.72139
5.21549
2.99472
0.495844
5.56831
2.5331
9.00774
0.935017
9.99111
2.2331
6.03653
8.16904
6.74152
3.21447
6.70315
9.01838
2.98516
6.41688
3.97333
5.86065
3.65758
7.12462
8.03446
5.38883
2.61053
1.69617
8.40001
8.13962
3.73361
4.71965
5.65513
0.455009
9.93513
8.64985
0.950853
5.50344
1.18295
9.95859
6.43846
1.17407
2.19169
2.47499
9.3431
8.93321
5.68946
6.04626
7.95159
8.67462
2.46314
1.92491
4.53526
6.12072
9.04953
2.56972
1.50954
1.66007
4.2659
9.90955
9.79969
7.99951
4.6292
5.45482
8.45452
4.56433
4.10467
9.40537
0.0677723
5.28762
9.36396
6.50623
6.46168
1.55565
8.98122
5.80479
0.488854
4.67068
1.85104
8.44044
3.34529
4.31418
0.365354
7.88056
0.434895
9.41489
0.450281
1.94444
1.07496
4.71618
1.85399
0.874642
2.71569
6.48319
6.32946
1.1702
1.04752
0.434126
0.575575
1.11529
5.72174
9.93954
7.62152
2.18343
1.49518
6.60274
7.98822
1.98404
1.27341
9.83926
0.424478
4.61871
4.15344
0.789833
2.49926
4.58833
0.204722
2.94954
6.53277
1.27968
7.66572
8.38676
2.15432
0.381407
4.86995
8.48378
1.55161
5.91747
8.9179
2.12719
7.03276
4.63965
2.06672
4.65428
6.82308
3.56191
1.25702
4.81129
5.54594
2.53044
4.65055
5.97042
7.14914
8.80399
6.76025
9.64841
3.39233
6.96498
2.59795
9.9251
8.24465
0.263672
8.31186
0.398972
0.645079
3.18181
8.88275
2.19669
9.09928
7.80065
4.32388
6.13204
2.4403
6.3906
0.786324
9.26338
9.9525
2.04335
4.07468
5.49845
4.57378
8.72523
1.46887
1.72292
7.52923
8.22912
1.37133
0.921554
5.1941
3.96928
0.846654
3.43875
4.23295
9.15852
3.83772
4.87803
2.34033
2.72047
7.07472
1.43961
0.521128
1.3986
7.57165
2.96143
7.7892
8.35798
2.22481
7.7417
0.401322
6.29949
3.24015
4.9751
5.02472
4.70901
6.69803
2.55395
2.93814
8.06936
3.4755
8.13223
2.03864
4.32216
1.57098
6.27159
3.48067
5.40871
1.14962
5.821
8.12918
8.22434
7.26061
8.65031
9.62294
4.83226
1.61174
7.41214
3.19024
3.83655
5.15384
3.59156
0.136045
8.39398
8.56666
5.16077
3.103
5.26469
7.71472
6.04113
3.33404
1.19022
4.17337
5.37268
5.51238
5.74435
1.64427
8.99305
1.15306
2.79389
4.81405
9.28224
1.01824
2.07466
7.93255
0.64118
6.90692
9.54429
8.05332
0.0971536
3.38084
3.20716
3.68871
3.51689
1.60114
2.25537
8.67765
4.70414
7.52006
6.39237
0.745274
0.854107
7.58259
4.91864
6.22679
3.09497
0.662995
7.87106
2.08801
1.81605
0.664957
6.90206
1.09829
1.6832
8.97671
9.03084
2.32438
5.88363
8.57513
0.377694
5.98078
1.95597
3.58485
9.6695
5.47285
5.18599
1.92487
4.15051
9.89013
9.44493
0.542882
0.635407
0.299041
8.12547
5.55405
6.52583
1.22044
6.21704
4.39689
3.30845
8.0331
5.06185
0.210512
9.13139
6.74505
9.18723
8.16223
9.06942
5.07086
6.73736
9.44712
1.05164
8.69333
3.03197
0.721138
4.16619
8.21796
2.64601
8.3167
8.10809
2.09094
8.85958
8.7435
2.38998
6.98505
4.29755
8.91581
8.20549
0.514594
3.31271
1.51394
8.54769
8.37456
1.72445
7.67909
5.1196
0.91168
5.84132
4.18902
5.98254
2.57868
3.63614
7.03418
1.27201
6.66811
7.75532
5.4382
4.88606
0.401324
3.7549
2.99416
2.49227
2.61447
1.73766
4.88225
9.59952
6.03521
3.79806
7.80501
6.5498
7.11077
9.31895
5.09749
5.48533
1.04341
2.77658
0.604928
1.95509
8.6179
4.79395
7.93762
1.19659
8.43009
4.9718
2.4686
5.09819
2.72712
7.9068
9.98426
3.12844
1.6617
2.97842
5.62071
4.27617
4.71607
0.502958
3.87569
0.751279
4.30102
1.6807
7.30108
1.41179
0.999657
2.39858
6.89712
2.04306
5.17516
7.50205
3.99815
3.79306
2.296
1.93578
4.98965
0.726085
6.90758
7.45825
5.82428
9.63469
5.36505
5.80854
2.76314
7.02675
8.78695
8.38384
1.30291
3.50302
8.8868
5.17861
4.2543
3.18782
6.85931
1.55538
4.59961
7.85897
3.95396
1.49673
9.90203
9.12912
8.99878
3.90018
2.92218
1.29477
5.83596
7.91182
2.02086
2.74354
5.37007
7.84514
2.37823
0.73512
3.65367
5.14137
7.76187
2.44062
3.52521
9.06478
5.94365
2.41201
4.24338
0.19795
5.59983
1.10269
1.75333
0.199448
8.96166
5.70729
1.69618
8.86369
4.83641
0.694958
2.76388
7.75858
1.98973
8.59984
5.67041
4.01059
1.34337
1.04048
1.85573
3.7216
1.7756
5.5094
8.86297
9.53746
7.95002
2.38818
8.60224
3.89367
4.80019
2.84563
4.09162
0.400021
3.94832
5.84495
0.599469
2.90998
1.55224
2.29565
1.77367
6.38865
2.99061
4.53755
4.14724
4.98034
3.13738
9.81764
8.99093
4.48076
0.858123
0.846658
8.20236
2.63372
6.35606
7.06533
2.17118
4.30608
9.4535
0.773427
8.19975
4.25369
3.61905
2.29137
4.65371
7.56738
8.13632
5.25318
0.477359
9.68857
7.54883
2.25103
6.07722
0.539439
6.78858
0.224458
5.51978
9.92597
0.0421025
4.51071
4.40672
0.900226
5.35737
2.60908
3.53395
1.71342
9.67441
5.70513
6.0195
9.12791
6.47856
4.21925
3.3816
0.0976138
6.51062
8.03531
7.66499
4.64695
3.2885
8.14235
4.33552
0.837328
0.393381
0.412737
1.37677
7.18196
0.637195
6.89654
7.10793
0.679297
1.40725
1.51465
1.57952
6.76462
4.12374
5.11347
8.47804
3.79814
0.818602
4.49755
2.92605
7.29716
8.7168
6.30766
7.39477
5.22743
4.34297
5.05976
9.87437
7.63147
3.20211
4.20989
8.46879
3.59549
4.62263
9.84556
0.777459
5.25982
6.74211
7.88539
5.93912
8.14936
9.40004
7.51864
4.91398
3.52378
2.63211
3.39202
7.32192
3.45071
7.88957
0.247975
0.747875
6.60637
6.55563
8.14265
1.8338
0.898601
3.20241
1.70817
8.53007
6.40453
5.91806
6.99886
2.18209e-05
0.540687
6.84442
0.77748
5.80051
3.58653
8.66287
1.73963
1.73589
8.06291
9.25827
6.64987
1.58669
1.89038
0.041893
8.90861
5.3411
7.93146
9.15659
6.08897
4.53783
5.71222
4.23162
6.37163
6.61082
7.43404
8.0798
5.14089
3.83856
3.99786
2.13975
3.83858
4.53855
8.98417
4.61606
0.339056
2.5707
3.27893
2.07868
4.3066
1.34185
1.33696
0.956466
2.92854
3.22734
0.998359
1.83715
8.56844
8.92982
0.993741
4.65741
3.46765
6.70596
8.88903
9.83928
3.31678
6.32307
7.91908
8.45767
0.161627
1.91694
0.597417
4.00021
6.45549
9.58159
8.61628
6.79455
2.1523
1.89521
8.87323
6.45889
3.23706
0.210185
7.41536
6.1656
3.43752
8.41372
8.00275
2.00596
7.34354
8.99649
6.66337
0.811192
5.70245
5.5524
0.650476
9.01923
1.87546
8.56956
7.4769
2.03709
0.486501
8.07432
6.0373
6.94199
7.65591
4.65358
3.73654
9.8082
6.54879
2.60977
6.2671
9.78585
2.81995
3.68245
5.95145
6.25748
2.09617
3.9542
8.26344
9.43971
2.95069
4.9268
0.250901
8.65314
0.4792
0.901377
7.67237
2.35466
9.47094
5.14927
4.39175
9.95744
3.22359
0.429054
6.89943
0.879496
5.08263
0.635964
0.6877
1.63142
3.24573
6.9548
1.41727
6.06568
0.637249
7.36871
2.32316
2.73342
1.32291
0.586594
2.17313
4.2736
5.5134
2.42403
2.92674
5.9926
3.32541
0.599115
8.34726
2.79634
5.74839
2.73901
2.75378
8.97198
3.16807
9.65321
9.85147
8.2507
0.289171
0.539172
9.88212
3.5349
7.49397
1.29939
9.60059
8.13122
8.6681
1.92374
0.864636
9.99101
2.51034
3.03776
4.26461
8.02374
5.46179
7.19135
4.01633
8.7872
7.79047
2.36359
1.58354
3.53886
5.10261
4.33732
2.51083
8.27067
3.99053
2.3623
6.52137
4.2797
2.90147
6.40349
7.8146
0.395442
7.70288
7.41519
8.52666
6.37098
9.33893
9.39129
6.36199
1.84927
2.42906
0.626606
9.873
7.89085
7.81796
3.88934
6.67805
5.60843
6.25293
8.26159
9.14728
1.35554
2.59891
1.65811
9.62621
6.58944
4.02042
6.14758
0.869142
6.92189
2.55107
8.68374
7.31733
0.253953
6.09893
5.84399
6.62493
5.43786
5.23529
2.98693
7.28713
7.66435
3.61353
7.16013
5.5552
1.43149
1.04947
2.23325
7.03992
7.3024
0.494841
6.18721
8.65794
3.09376
7.84532
8.28415
9.6832
1.86574
4.43173
0.552339
8.78763
6.98281
9.23608
6.10497
7.23676
5.33501
1.94896
3.86169
0.772876
7.18425
6.84862
8.06001
4.84859
0.462157
5.22014
0.403788
1.89365
6.26961
2.63704
8.93357
3.57202
3.13188
5.12078
2.22996
6.22563
2.9661
0.514105
5.90883
4.83184
4.94584
6.46117
3.61947
1.92864
5.69725
9.72444
9.1654
1.03227
1.6734
3.0271
1.80514
8.85765
9.87572
9.86515
3.70624
0.337875
5.08529
4.11003
2.23153
1.3549
6.74706
1.1651
4.92692
9.87894
6.28588
7.15688
6.10457
9.25199
7.67098
2.0134
4.08383
2.61682
8.47457
7.7033
4.54546
4.17182
7.42774
3.71086
5.20409
9.10114
6.73796
7.00923
7.95879
6.61368
6.87438
1.66502
6.95156
1.95967
5.77505
9.18308
3.31458
2.52211
0.348184
8.2415
2.40105
6.63407
5.39837
8.50562
5.88605
3.06935
0.519024
9.96988
5.68617
8.9936
7.67319
0.231636
3.16542
5.10093
3.9425
8.36951
4.20207
0.680462
5.37874
2.16086
7.29414
2.25313
3.82588
4.2457
4.2128
9.60093
3.42878
7.52738
2.12304
3.77696
5.76887
4.52409
0.411029
1.16725
3.02971
6.29708
4.2366
3.54874
6.26697
9.92278
2.54233
3.94015
0.154412
5.70775
9.04108
4.09691
4.07727
3.24315
4.77737
9.45601
5.40401
2.07151
1.70914
9.22989
6.31721
5.92193
8.83082
9.74599
3.44931
0.953864
3.52295
9.21818
5.47796
3.93398
0.38543
8.50767
0.231061
4.62203
2.05641
6.49803
4.54481
4.59874
0.438177
4.69922
0.306497
9.47926
8.79613
4.38376
2.72241
3.57351
3.83977
8.12642
5.64502
5.54891
7.35631
1.96223
1.47084
6.18713
1.70822
4.92015
7.14099
5.23117
4.13834
2.61895
9.16515
4.52377
1.12662
9.39621
9.1458
3.18303
5.89423
3.69061
7.78177
6.33241
8.38983
8.08827
5.81167
7.18596
2.47203
8.53407
0.759463
6.3118
6.66049
6.40448
1.86071
4.0168
8.36671
3.33155
0.203925
0.0749336
8.25171
7.34492
5.3061
2.39004
9.96387
4.47125
6.91381
1.09048
3.86746
6.05961
4.27351
9.76169
9.75022
2.05528
6.0941
8.14004
0.143548
1.90577
5.326
2.61558
0.439845
6.08546
8.92738
7.10033
2.48995
0.78809
1.11713
0.856663
4.11964
1.32106
0.931597
2.37135
8.66597
6.2377
4.76139
8.62984
0.708949
1.6752
9.72033
4.57641
7.73481
3.99384
4.3381
7.48503
6.04912
0.432204
5.62507
6.19267
2.33797
0.951075
8.80824
2.77782
7.03654
7.73562
9.87815
9.52649
8.52371
0.995286
0.383151
2.64336
2.31634
1.31475
5.01471
0.982317
7.55245
9.7761
9.61216
8.2614
1.4513
9.33248
2.8378
9.18611
3.32632
7.17591
6.67114
9.37544
7.60811
2.29621
5.56811
9.94608
3.24729
4.37635
2.7239
0.283828
2.11197
2.60206
9.81032
0.635689
3.59734
0.193468
3.27905
5.91369
1.50822
8.29375
6.896
9.06066
8.06985
6.50816
7.32206
9.52115
5.84064
0.159863
8.70726
9.16696
7.33577
5.3784
8.5424
4.94388
7.67462
4.11051
4.88996
0.921904
8.48686
7.61386
1.20573
0.598834
0.215919
1.01605
1.23452
3.81326
1.20952
4.51357
9.72695
2.71773
2.80732
6.62295
1.77839
0.877171
3.13111
9.10045
0.398321
8.97176
9.26032
9.10558
8.13872
6.59608
4.48398
6.68112
1.53996
2.1586
0.791633
6.42992
3.0805
9.27849
4.04378
4.28623
9.87733
4.2597
5.30228
1.11185
8.07297
6.5118
5.62542
7.79991
9.22953
8.43274
4.42286
1.00792
9.30991
7.55398
0.108375
9.70823
6.52573
9.36869
8.81381
4.66445
5.96477
3.2978
1.34558
7.50473
5.4564
2.13721
3.93466
8.5369
1.4157
7.97844
2.82313
1.29303
2.23814
8.12541
2.40488
0.311107
4.63721
8.0303
8.11102
3.86674
6.46304
2.53388
4.87466
5.77295
0.0878608
4.98304
5.48118
6.61359
4.35173
4.295
1.27805
0.316502
7.5928
2.62362
7.82124
3.04919
4.76083
1.75589
1.58609
6.17653
9.73433
4.40923
7.46956
1.97247
2.53464
9.87444
2.28358
7.17185
7.90474
0.394601
1.03859
4.36778
2.92849
5.91326
0.14073
3.01635
0.896295
5.62191
9.62994
5.24802
9.91691
0.907986
5.56453
7.50971
3.53161
3.38576
0.558904
8.29244
5.14166
2.145
4.46897
4.87599
6.55422
1.93854
6.84846
9.08886
1.81298
9.13205
6.26072
9.71772
9.52665
7.29931
4.08549
2.45513
3.21257
4.22622
5.47148
4.10886
9.84814
5.10142
9.35688
9.76505
6.00941
4.92141
7.27476
9.54101
8.30717
7.83367
7.83345
3.44883
9.97866
2.30243
8.32482
6.53289
4.24097
5.17328
5.62175
6.05394
4.30533
1.88246
5.77166
3.83198
9.18177
9.85715
6.28711
2.39434
4.08338
1.75859
6.5032
3.93152
6.86001
5.86008
3.69657
2.86941
0.781493
0.971331
2.41043
9.08867
8.805
0.243884
2.53749
8.78366
2.54631
0.862312
5.31655
6.78728
6.03559
0.938298
2.84122
0.340924
2.82076
8.61288
4.1729
2.00254
8.47003
0.46001
4.39688
2.55341
2.2186
0.900077
6.48493
9.07861
6.76016
0.181497
1.94802
7.54165
1.15283
4.35845
6.63032
9.95783
4.60234
9.16781
8.74149
7.14865
0.0301259
4.05804
3.93593
6.06572
4.99634
6.77715
6.40664
7.8171
5.39003
0.579545
9.81963
3.86007
1.03956
4.21651
6.41348
3.25816
5.11659
2.89841
2.33677
1.87675
3.0799
4.28479
9.4184
4.23273
8.64324
6.04872
4.19056
3.24558
5.21654
2.93205
0.394232
5.24666
6.99009
4.33016
1.31238
1.98642
1.10731
7.71903
9.80352
6.49734
8.29857
9.62316
0.35741
9.33813
3.83967
6.77089
2.59628
8.95625
9.66929
4.93305
0.833003
2.7492
9.21784
0.251407
6.98193
7.86108
6.30013
1.17249
1.10666
1.51667
4.10454
1.5009
6.76333
1.09463
5.83106
8.07572
3.08105
6.93837
5.79475
2.88457
3.43572
4.09332
2.50773
3.79313
3.43145
6.3474
0.564013
6.02773
5.30365
0.233308
0.960781
6.13665
2.98251
0.17862
6.38806
9.96444
8.0397
2.68819
1.13693
9.14637
4.20486
5.24146
0.647263
0.968193
6.33609
6.47832
9.04391
9.41714
3.41669
4.83866
2.30171
6.85241
8.93197
4.80944
0.645533
2.36342
1.15684
1.20955
8.39115
6.46049
1.44285
9.35194
2.59714
4.42536
9.53056
8.9852
4.3898
7.57026
1.67339
5.52672
6.71662
5.87825
0.768186
7.36389
6.84645
7.10428
3.84221
5.89036
6.52142
7.2589
0.729014
8.82313
4.11131
9.66099
3.63257
4.75684
2.02441
4.78941
5.96639
0.415567
1.24989
7.40924
9.7675
3.84703
1.8346
9.29806
2.83224
6.2244
6.86831
4.50563
1.75112
3.58494
0.383885
2.5193
0.948825
7.23033
9.62358
4.79103
3.12069
6.145
2.04994
3.84971
4.96812
6.16124
3.5107
8.60069
0.918086
5.53511
3.3901
6.88447
5.95067
4.63999
4.29371
5.71818
8.48703
6.12832
5.01623
1.31927
2.35271
1.88455
5.8249
4.10383
5.46949
6.20878
6.62313
6.41831
3.43911
6.24671
1.20935
6.55981
2.3917
3.25928
0.409511
7.35983
9.42053
3.92021
5.96052
0.338612
9.45531
9.35062
7.22309
5.40599
3.99062
1.5168
1.12416
2.47765
7.64512
6.1404
3.79691
9.99783
8.02495
9.62181
4.10165
3.49443
5.83059
0.724783
9.91274
9.2697
6.97149
1.12209
5.82951
9.3632
4.38137
6.23902
6.72303
3.8019
0.159225
2.68355
4.14051
9.61454
2.03417
1.3636
5.02052
6.02479
2.8804
6.14469
8.50244
0.525513
2.28509
2.29935
0.523339
0.310031
1.92116
4.62499
3.80446
7.75175
5.34978
3.71721
7.02146
2.32127
4.8393
2.85097
1.68446
9.22067
9.08998
8.40749
3.02257
9.24921
1.09104
7.16308
8.86375
3.12521
8.52668
3.88427
9.15
1.40708
0.0289601
7.65245
1.93259
2.31405
9.9518
2.45593
2.62408
1.87296
7.08092
6.42854
9.62472
2.4307
0.145748
6.64617
4.75197
4.98505
9.49714
6.43643
4.20572
8.58712
4.84392
7.22829
7.83633
5.93496
4.39137
6.70008
9.06017
2.91805
0.584352
8.21018
4.32513
0.613312
5.86262
6.25772
2.92736
5.81442
8.71365
5.55143
7.68739
5.79457
1.97997
7.3121
8.22527
2.12572
3.95828
2.97723
7.11077
3.45542
9.41367
1.31649
2.04254
4.25759
8.54478
9.87887
0.192548
2.93615
6.57895
9.25272
5.8542
7.1633
7.4629
0.179331
7.77662
3.32552
6.43705
0.703973
9.13995
5.1507
6.25541
6.82733
0.945265
8.23538
4.13943
9.17053
0.3611
8.09771
2.14777
7.47187
1.55313
1.56143
8.78835
3.59567
5.81902
7.33313
3.47454
6.01157
0.269281
0.0534918
5.26429
6.12348
7.2168
2.72719
6.30281
4.99341
6.05271
2.73986
5.69738
5.19265
7.89056
1.95279
2.01999
8.83582
0.18817
6.15942
8.00636
0.54927
4.25713
0.154124
8.02114
5.81026
1.71556
6.80949
9.40593
7.53458
4.14262
2.88047
3.54614
4.4119
2.93396
8.81043
0.535388
0.150756
1.53762
6.8382
5.14417
7.59033
9.57806
0.841552
2.78298
7.46862
2.79434
4.80297
6.30445
2.98251
0.962391
4.3108
3.53178
5.21952
4.46493
1.55292
1.02979
6.18048
8.36241
0.435714
3.71506
2.50504
3.31618
7.2612
6.91694
6.25014
6.07164
7.45233
6.4009
7.60926
4.29053
1.54507
5.19958
3.8686
2.38662
7.98257
1.33722
5.18096
2.78554
7.64167
8.16347
3.74793
1.95247
1.69526
8.96745
6.4174
3.24818
9.99724
2.59788
1.61059
0.432954
6.31294
4.11563
3.74914
3.57415
1.03257
9.99928
9.64578
8.4849
6.40018
7.25504
2.77543
7.94525
2.45462
6.64403
0.331864
0.43719
7.98125
5.51283
3.22273
5.62291
3.6763
6.97066
7.57538
5.37156
5.93811
3.99278
8.61974
5.93535
6.59066
0.230331
6.36831
2.90361
4.34596
0.117443
6.47775
5.37853
0.116723
6.12354
3.86343
6.5169
3.37857
6.63887
4.46215
5.83319
3.2829
4.79401
6.27038
1.26415
0.306836
9.49311
6.88706
3.98314
6.46377