7.31842
8.04728
0.0908077
8.16937
5.22304
7.09876
7.24
9.62665
8.86057
4.99077
5.34424
5.45748
2.50707
0.299128
1.06105
8.55224
3.60363
2.97517
9.7217
6.5687
3.2932
7.37625
7.62337
4.18482
8.43177
3.77707
4.45138
1.0233
7.01938
0.00644069
0.607491
4.33779
8.05372
0.698299
2.50716
3.27677
7.79706
9.74716
2.90341
6.65762
4.73793
8.24766
2.11511
7.245
8.54679
3.17616
5.79725
2.15042
6.15133
5.51895
8.71911
9.44453
2.89519
6.34248
3.62935
1.32697
0.119557
8.08073
2.35027
7.13893
8.08717
2.95776
1.47673
6.14089
3.65606
3.98389
9.41766
1.45311
3.73105
2.32107
8.11074
8.46898
0.568727
0.225845
5.71399
9.11551
3.40201
1.51123
1.26593
9.55333
7.03018
9.98504
8.99787
9.92538
6.32752
2.62722
1.25234
6.44708
0.707942
3.60261
3.58601
8.79511
6.56037
5.06274
4.936
0.216429
9.04663
4.35365
1.66954
2.77768
6.67472
9.78028
1.24666
7.24345
0.00612565
6.96065
6.35896
3.40813
8.47188
7.62489
2.96147
5.50207
7.60993
1.95933
5.42744
3.93745
4.58655
6.67978
0.384533
5.29449
0.282395
3.97054
4.0896
6.84277
9.03328
9.0256
7.0592
8.07991
3.37925
8.72874
0.857591
0.0539736
8.50902
2.10425
7.29742
8.51515
9.0649
3.65639
1.92328
7.53679
1.28128
4.88474
3.03885
8.89121
6.84408
8.46629
2.82866
1.43062
5.14608
3.21319
6.72511
5.42847
7.18374
0.814713
2.27124
6.21702
9.84031
9.33043
4.29694
3.21956
8.05917
5.15453
3.27353
6.56819
7.25878
0.570956
5.08334
6.32368
4.22734
7.00662
3.86047
5.50862
1.89136
6.89932
4.39983
8.73544
5.36561
7.22849
0.166063
0.51169
0.441688
6.89118
5.94016
7.62543
7.70589
8.2114
3.84245
7.5462
7.54183
8.13939
0.765756
5.60101
3.29391
4.03929
2.1692
0.552694
4.61024
7.25254
6.87638
8.83759
4.25916
0.736843
4.34621
6.15052
7.63616
8.74604
4.88596
3.00178
5.97454
5.05202
3.51347
6.41622
1.9432
9.45363
4.04165
9.64909
7.66503
7.8841
7.19528
5.20686
6.02349
7.96104
0.80787
9.3174
2.00033
2.97707
9.8701
6.61057
0.22961
6.74647
5.44816
4.48877
7.48332
9.79437
0.639286
5.11948
8.54041
5.52524
8.12126
4.51495
0.577264
1.63472
0.931173
2.52046
1.08835
4.97282
2.16955
8.75338
2.85692
9.36483
3.96024
8.88041
7.32587
4.76811
8.19782
9.3262
7.74518
8.06792
5.93678
7.97479
4.81439
1.38494
2.46356
2.29771
1.17931
3.10285
7.41719
9.71973
8.62809
5.53844
4.23468
9.20536
7.17317
5.16585
1.72582
8.26152
0.138672
3.89536
7.0149
2.9956
3.2602
0.975144
1.87601
0.58607
5.74326
0.0738291
9.91227
3.48844
8.14175
5.84905
1.46324
2.95614
7.23399
3.9268
5.25384
8.4133
7.02965
2.67103
8.13302
5.65774
8.20947
2.3677
4.86309
5.38264
7.53355
6.58891
3.64416
7.67222
0.484273
0.659064
0.667818
3.74447
1.63421
2.54383
4.33054
7.37747
2.61766
4.24281
0.865907
0.759403
0.0918599
2.32914
3.71554
7.32585
6.25594
8.96938
5.73915
3.28558
1.64041
3.87217
8.94332
9.84989
6.23987
3.80641
5.23253
3.77342
0.395324
8.87669
1.44564
0.879597
9.53575
2.11346
4.62407
1.16996
4.65729
8.9546
8.54743
7.27494
3.19742
9.41333
8.03435
3.28928
1.74248
1.74989
0.615123
7.99842
0.719268
6.35427
1.284
2.35968
0.226438
0.227323
2.20956
6.46631
4.03374
7.44209
0.239728
4.42906
6.31878
1.68537
5.30866
5.85454
3.79883
9.93272
7.0245
8.45611
8.88733
5.57193
5.73106
2.08475
4.98527
3.7654
5.37402
6.72774
5.51529
5.98914
4.72616
6.23456
2.34341
6.01016
8.59424
2.56985
6.23748
0.803803
9.03616
0.271221
8.2459
9.27589
4.70028
4.56468
0.961256
0.00894062
0.419222
4.76008
9.94167
7.44372
3.21619
8.829
3.01566
8.94725
0.913741
8.00092
2.71266
6.28776
4.72867
8.22795
2.27691
9.45482
4.46251
4.62032
5.46498
3.05675
7.19017
1.70247
3.86055
6.22633
1.97369
2.10644
5.50222
6.67397
6.67113
6.46348
6.68291
7.09035
1.22356
6.62458
4.53407
4.43975
5.45357
7.54973
3.387
6.36731
5.55065
6.09966
2.65507
0.279316
4.32761
4.93198
9.73414
8.79012
9.5523
5.19912
1.84686
6.74247
6.90159
5.70741
2.9688
8.87528
7.81385
8.47102
5.54925
4.48498
4.9345
2.23216
1.57533
6.15805
8.85674
6.1094
0.597805
4.31031
3.65913
3.98481
0.677619
9.20978
0.0844674
3.33269
9.4891
4.41207
8.26467
9.22324
3.20219
7.81697
4.42236
5.04905
4.55945
1.32395
0.756459
7.52825
0.199235
8.57031
5.99927
5.74848
3.05529
0.933767
7.98064
4.63062
7.09182
6.83738
0.740021
7.68963
1.14769
4.39915
1.67443
1.82531
3.60893
1.7589
5.158
3.09803
6.17097
3.42267
2.32127
9.37317
1.23965
6.74363
4.42222
5.79909
8.06759
5.17867
3.32734
8.26682
3.74899
9.32661
4.01531
6.80428
0.260378
1.99595
1.4349
7.3522
8.83333
2.17492
5.04182
9.98102
6.57407
6.71626
1.80633
0.183006
8.47516
6.96433
3.28104
4.64613
0.387
5.60231
4.0193
1.62665
2.34594
8.44151
7.42574
0.413524
3.62019
0.753081
8.68035
7.36917
0.0796924
2.69565
4.17345
0.34007
4.6916
5.60835
7.69227
3.52493
7.78327
2.73409
3.50595
4.35734
9.45035
5.31228
4.54035
7.9255
2.27661
7.82139
2.57163
2.66361
3.42369
6.59093
4.29026
5.76963
5.03244
1.716
6.18315
8.65262
2.46908
4.8635
6.0218
2.54877
7.55915
0.195248
2.88884
2.25075
5.8036
0.581109
5.77569
3.58687
3.3152
9.28164
7.94421
2.76554
4.59393
2.48456
0.691046
6.87054
0.30595
3.26268
9.53414
3.72964
9.85361
3.8244
9.49927
4.88604
5.5404
5.68243
3.53867
8.00948
0.545927
9.56046
0.55825
8.10508
9.75571
3.44709
0.355834
5.55931
4.0282
6.13152
9.14618
7.3434
5.41317
7.09039
0.108945
0.00709257
9.57496
0.799991
6.87763
9.88091
4.06267
6.41177
3.61055
3.91627
0.236175
3.10982
8.80232
5.77657
8.79225
2.34099
3.78605
9.33818
1.90145
4.3443
7.44326
1.65716
7.7914
7.79909
7.21647
1.8196
3.93061
6.36265
9.163
9.34378
3.45304
9.27194
9.35087
3.028
0.0719322
6.2285
2.90891
4.1346
2.64027
6.51946
8.05088
2.87645
9.62928
6.85319
8.65302
8.42153
9.19418
2.43908
7.75971
1.09563
6.78338
5.20297
2.75279
4.57477
3.00206
9.96926
6.39437
6.93267
6.33191
5.55737
6.27645
9.78495
4.82931
5.62733
2.81296
4.90124
1.85583
5.72186
9.03584
4.4961
2.24132
7.08672
7.37255
1.87061
3.93991
6.02557
0.292142
3.13409
8.46465
8.05185
4.22972
5.24803
3.25482
6.98251
9.8228
6.25688
6.95177
6.21717
3.18956
3.28368
1.77453
9.46601
3.06863
6.60384
5.09334
5.88159
1.50508
6.94917
1.60345
0.540918
1.44527
3.84478
7.62763
8.81782
5.71538
1.56754
4.84339
6.00753
4.70163
3.30804
4.05938
8.93135
8.55607
7.3142
5.91386
8.37887
3.57109
2.86562
4.59603
6.76065
6.1493
6.37057
6.22666
9.21793
2.97441
1.32
5.09952
4.47949
8.26917
6.70297
5.02041
9.71445
0.547746
2.64804
8.53227
6.26313
4.21558
3.37566
2.27066
8.91721
6.6837
6.33004
7.84856
5.23977
3.64424
3.76242
3.61863
7.21533
6.62804
8.21467
3.97598
2.77734
4.58524
0.202637
1.99527
7.55964
1.52264
7.09479
2.03913
9.79181
3.79776
7.05954
9.50626
4.3455
9.70757
8.03853
0.608632
3.92316
1.41419
2.87929
2.84037
8.09789
9.20932
0.688929
3.33766
2.85357
4.45135
6.95629
0.0688938
1.07938
5.17096
4.04487
3.85672
9.7562
4.24751
5.85199
7.31584
5.77015
2.94678
9.35497
5.56196
6.74453
6.41451
5.06822
1.09004
6.12208
3.10674
1.69867
0.0452356
4.52093
4.57796
2.8856
2.61882
3.78728
3.57453
5.95648
6.64085
8.02588
2.91277
6.70974
9.10526
8.08373
0.754609
2.96198
7.83993
5.00212
8.81397
5.15577
0.772263
1.76075
4.51074
6.33422
8.50528
0.925244
1.40244
9.59532
7.04732
4.50918
1.29398
7.09256
9.03012
5.87194
9.97816
1.64894
9.65922
3.5527
7.60541
6.30007
1.57857
0.518184
3.00981
0.683835
8.60191
3.76442
3.64582
6.44184
8.76653
2.45979
1.59761
9.53879
4.22054
6.10835
5.87302
2.72582
7.03359
7.27546
2.32114
4.08091
1.78464
3.61512
1.17347
0.814756
9.48706
1.15164
2.46369
9.14629
4.70433
0.0691051
5.44635
6.28291
0.587289
8.45616
6.96674
9.1892
2.22057
0.61256
5.63104
0.987105
3.07235
7.22865
0.5259
7.29289
3.337
6.39892
0.0187104
0.370587
3.67437
2.33985
4.4515
5.45902
5.95497
5.62497
6.27377
5.44204
6.77661
8.73746
4.58832
1.48095
8.80657
0.034673
7.76385
9.39386
8.49083
4.7306
8.58306
0.711404
5.34315
4.2141
1.69851
8.4155
1.44276
2.22441
5.70839
4.77975
8.62333
5.7271
5.15034
2.2977
8.06695
9.60184
7.75672
4.02193
5.22682
4.03049
9.46396
2.00343
2.76795
4.05228
3.48438
1.57452
4.08696
1.24823
0.968376
2.57779
5.97882
9.55144
3.28919
1.32198
3.76554
4.9877
9.73748
5.2083
7.21211
5.44588
9.98805
5.83544
1.17298
5.13839
8.13314
9.23993
4.74023
5.88985
3.26186
9.96705
9.92034
2.72582
1.97048
2.68829
6.7781
5.45486
4.26281
0.865058
6.70308
5.23119
3.44285
2.68191
4.78262
6.73204
4.00389
8.54816
1.71974
3.74137
3.75646
8.93185
9.18725
3.74451
4.76728
0.360226
8.88291
2.90042
9.60016
3.62314
8.79027
2.86202
3.59019
8.71061
5.58784
5.56067
1.39891
2.36594
1.01553
5.66172
3.231
7.71861
0.892903
6.67384
0.400517
5.67553
3.40588
4.4044
4.22369
5.12562
8.14577
7.98015
4.05746
7.33302
1.72467
8.82475
7.69324
0.607574
1.72517
7.2934
4.23071
0.515442
0.155419
7.8209
9.22606
5.74326
3.38157
0.624962
8.1092
4.3971
6.28668
1.34019
2.11571
7.17958
8.01404
2.51622
2.85511
1.41992
6.92063
7.0788
6.54553
5.0664
5.05895
0.602995
2.39942
6.78362
9.42774
0.0926618
7.3912
1.15291
7.38606
1.62191
1.66835
7.54148
9.44281
0.894408
3.28474
2.82439
1.51937
1.39394
7.22148
7.80605
2.73413
9.33719
4.98563
0.748166
1.85342
7.84074
2.16808
8.77405
4.91953
8.71361
3.84045
9.97849
9.31661
6.23986
6.76211
8.74435
6.33253
4.15331
9.89726
3.71859
5.77522
1.56561
1.26007
5.21803
2.46002
4.54481
8.04241
3.97939
5.93875
5.2639
1.78544
8.67288
4.60109
6.77107
9.42104
6.45451
4.6118
1.58913
5.22855
9.53133
0.302738
9.069
9.50982
9.61935
5.30886
6.27193
8.36369
1.64139
0.425238
8.26095
5.35998
6.20045
9.82657
6.62005
1.41848
2.28659
1.16486
9.4609
6.26598
7.10361
4.7248
8.05141
5.77649
9.32589
4.82248
5.19753
5.7804
9.43428
6.78666
1.00895
8.96562
7.0894
0.0779458
8.47544
6.70874
5.38681
4.74737
5.07244
7.02819
5.17261
3.33339
2.38817
1.37306
3.15996
9.00822
2.79154
5.44654
0.173083
2.25244
1.71252
7.27669
6.97724
9.76393
3.05318
6.30313
4.58641
8.25072
2.08352
4.02069
5.03738
3.09247
2.98631
2.12678
3.17041
1.46175
8.83552
8.55722
6.20912
3.90796
5.58542
1.38172
7.24135
7.97359
2.75479
0.401306
6.98181
5.54633
5.84785
7.15489
7.79877
7.56037
4.43158
4.77601
7.32431
7.48477
1.07914
1.91072
5.73549
3.16266
5.93141
0.772865
6.25513
8.91772
2.89964
9.42554
0.37947
1.73516
7.98276
6.58859
5.64311
3.56818
7.97031
2.88446
1.54176
0.725099
3.28577
8.52357
6.27143
9.13362
5.67846
4.0702
6.69399
0.110046
8.84622
4.01829
7.59481
9.92535
5.92901
3.3303
3.08801
1.86043
4.10317
9.34314
0.778148
7.00281
8.76868
1.15762
8.73797
6.75144
7.7462
4.38108
0.319618
5.71652
7.26554
1.86138
6.44161
0.551307
0.384953
2.71304
9.68492
6.06341
6.78325
6.37891
6.17346
5.62946
0.397204
3.76828
5.55482
6.32622
7.09858
8.64283
8.18664
1.20174
7.98597
8.96479
8.20455
6.75464
0.122407
6.94252
3.50608
7.86861
1.3236
3.8257
3.58513
8.58914
5.68708
0.0267413
9.14044
6.07204
2.73979
8.82537
2.13545
9.52304
5.20428
8.30891
5.1525
5.60148
2.07719
0.707318
1.9277
9.17576
9.35015
0.114339
0.377509
7.33611
9.07913
8.58206
4.09076
9.20153
5.52458
7.59684
7.07015
6.84817
1.42254
0.655273
5.43731
7.10963
0.682014
4.57775
3.18166
3.4218
3.40312
5.31711
2.94484
8.6074
3.62603
8.09734
4.20888
5.70321
8.80465
6.13658
4.87898
8.1548
6.25092
5.25649
5.49091
5.33005
3.83855
9.58167
4.53158
9.36312
7.17851
1.60173
6.2113
8.60106
2.257
1.64861
5.71068
2.93901
6.22636
8.89235
6.36081
9.62949
4.20946
9.30565
8.23689
7.83549
7.40299
2.44577
3.5387
6.20764
8.58235
8.41768
4.36244
4.83327
3.67416
9.85335
0.163314
7.51271
9.43502
4.6949
6.87583
6.61354
6.29662
3.08713
5.21459
8.55362
4.73574
0.925276
1.49264
0.962106
9.81762
7.85345
0.591592
4.02708
7.1591
8.82848
1.86257
4.56209
1.27425
5.40127
0.769726
9.8566
3.81895
5.13216
4.68986
7.49311
4.98552
4.85318
5.00582
4.42054
9.54807
1.88165
1.03408
5.84469
4.96878
6.24867
4.39832
9.70452
7.17395
5.89096
0.666628
6.99157
3.74441
1.25822
1.01865
0.903511
0.0866988
2.88123
5.4656
1.36095
8.2825
6.23533
1.21754
2.10144
1.36749
5.9074
9.59455
6.35301
0.76058
4.60037
0.773549
0.308652
6.48202
1.80763
6.15335
1.4508
8.0563
0.551666
1.15533
5.23024
6.44262
1.82195
2.22181
0.187031
3.08017
3.24047
1.09054
3.16687
6.12169
6.55614
4.52782
4.40419
2.79147
5.74536
6.50563
4.15896
1.65276
6.10019
0.511964
2.41334
0.70056
1.28551
2.722
7.18258
3.09314
8.87534
8.63339
1.14944
9.42701
9.78871
6.37968
5.86963
1.61066
8.60149
6.05666
4.69084
1.84196
7.1472
7.85771
7.96365
3.70334
2.38553
2.36784
6.49481
8.13089
8.87348
0.653767
9.78365
4.97366
1.16573
2.19699
5.67422
2.45124
4.91899
2.8568
5.54438
3.79433
1.49019
6.69382
3.22134
1.2789
3.0735
9.09097
2.88956
1.67499
5.14763
7.5804
3.51696
2.29484
5.43811
1.48061
5.99818
7.82364
3.84845
2.49299
5.95453
2.72193
3.14676
5.73818
7.69559
4.31249
7.93518
3.36981
6.76373
2.85417
6.22662
2.30811
6.6485
7.71681
9.00193
9.86984
8.99571
2.07543
8.96081
1.88527
3.75043
4.10845
9.46568
7.26738
6.40328
4.90379
8.74799
2.40146
2.72743
2.59645
4.89445
8.68197
5.31837
8.04121
4.42015
3.01397
2.3537
2.35533
6.38378
9.11743
5.2095
2.6104
1.42554
1.858
0.327204
0.427475
1.72784
9.32291
2.50291
0.688658
1.20818
6.25333
4.7971
0.673861
3.52072
1.20039
5.57765
2.26871
3.60185
8.30509
4.86516
8.4963
6.98705
0.183532
6.53751
1.4072
3.1975
8.89121
3.76253
9.58128
8.00864
8.97203
2.19167
9.43418
0.830035
2.51888
9.86165
2.55788
1.84179
2.36456
3.24654
3.04997
8.61789
8.04364
3.72384
2.13861
9.24403
9.30149
4.40732
2.84588
7.60657
9.27248
1.34218
4.59362
9.45601
7.87969
6.00083
2.65351
6.7709
9.76336
2.23479
4.77954
8.73539
4.42646
4.21371
9.56543
6.94534
4.07537
2.12331
8.78713
6.43993
5.36985
1.8371
5.05782
3.41349
5.56094
7.19643
2.65752
4.86242
1.60376
5.5034
2.469
0.876238
6.84558
7.06262
0.332251
4.72527
3.06345
2.98576
1.49617
2.82681
5.22055
6.27571
1.5622
9.64701
0.489421
1.12763
6.59235
4.56479
3.25094
5.37948
1.00472
8.62079
7.21658
6.06254
2.03428
2.77752
3.25897
4.6918
7.63994
4.86273
0.195197
0.108939
5.73897
7.04078
7.17156
6.07122
1.76605
0.235005
9.05698
3.26222
3.06181
4.27753
9.53792
4.62401
3.92454
0.0273444
5.75164
0.516892
4.59213
9.00258
5.89637
5.59685
7.62337
3.11295
1.65939
9.65764
5.89047
4.91836
4.34944
3.53041
9.78109
4.54464
3.63935
5.52005
1.58541
0.810909
1.59127
3.35146
1.04591
0.648252
6.61368
4.10773
4.92578
6.1516
8.73174
8.85033
6.17895
4.48338
9.36722
0.771079
3.48596
5.26359
6.36793
1.10933
8.37654
8.02731
0.76697
4.26701
2.94567
5.11641
7.79742
2.72676
9.66105
1.43677
8.24681
1.24646
2.24768
9.83808
4.59793
3.2936
0.486335
1.2116
7.40132
5.41212
7.36321
6.13306
4.26244
3.54215
0.616439
3.62966
4.31323
4.1024
8.89325
0.68116
5.21172
7.26979
8.70847
5.97869
1.5368
1.65415
1.09511
9.33422
4.3809
0.756156
0.770994
2.62772
2.00262
3.01868
2.4658
6.60055
6.31227
2.95213
7.81215
3.7136
8.36425
5.17536
9.84666
2.6267
8.71751
0.463096
6.25636
3.03075
4.56549
5.14961
3.71191
9.77722
2.41939
2.42038
5.75591
3.95619
4.07453
6.85102
3.29041
8.45543
7.60718
4.06141
1.08315
9.6098
7.08008
3.54895
6.21034
3.39236
6.50108
4.0225
7.10596
4.86533
9.19785
6.95261
7.49203
7.91537
7.41571
3.74839
0.946112
1.9812
8.89799
4.65802
1.75842
1.31738
7.0784
7.51433
5.27358
1.15292
4.36535
8.56399
9.60835
1.97253
2.6254
0.691502
1.58233
9.70548
4.24045
7.79267
3.09784
0.741531
1.81516
0.203797
5.60686
1.01302
7.15641
3.09889
8.92838
4.57212
6.84728
9.8745
6.55332
5.74527
4.53251
8.31174
7.06266
1.61091
5.82608
2.33623
2.76383
0.191432
0.900223
2.37219
2.16396
3.52562
3.06369
3.74629
3.2311
7.30414
1.53895
6.32894
8.04567
3.35412
6.53274
3.65253
4.36714
3.68915
6.75143
3.29552
8.26127
3.59871
3.17002
4.81459
9.34398
7.70253
3.12633
6.40664
9.31344
8.95241
8.74287
2.07727
9.14384
9.64309
4.44946
1.30781
3.16871
7.51315
5.05409
6.39982
4.81729
6.59305
2.72876
2.86296
9.94716
9.2615
6.5155
4.3143
2.95065
3.26692
7.60982
1.21192
6.86563
0.779839
6.02651
6.20961
8.48237
9.15284
2.61625
7.79581
8.10525
1.35912
9.87308
7.2491
1.00221
4.32255
8.5569
4.17092
1.8357
3.611
0.57074
6.65299
0.204041
3.2995
9.51595
0.151205
2.561
6.03144
4.46551
5.51165
9.29837
2.07533
6.72356
6.164
2.85517
2.75007
2.37362
1.33753
1.90291
4.98987
9.13334
0.00816621
6.34898
9.00643
7.25726
7.3512
3.32897
5.81417
1.52212
5.16467
9.42516
2.09286
1.81766
9.62921
5.39236
1.33361
9.78041
7.95336
7.36505
4.24592
3.465
6.66342
6.32124
0.188565
2.82742
9.17641
2.93864
5.20103
0.513945
4.84155
0.190898
9.64729
4.84971
6.53988
8.65372
2.10698
3.89108
1.98269
7.92115
5.4132
7.14736
7.34631
7.50606
8.96502
6.97552
2.89842
0.298624
6.75593
0.851777
7.66367
1.00185
4.31678
4.32709
7.32309
4.50534
7.15451
6.4995
7.44398
2.35554
7.01345
2.28553
2.54644
6.66074
7.13524
9.08632
5.31445
9.24222
2.9774
7.29715
7.16337
8.3906
4.44451
4.50968
5.89666
3.40952
1.4852
8.79508
3.70815
8.24113
9.64686
1.37182
9.24297
3.96364
5.69891
6.56606
8.46898
2.85342
3.06557
5.91296
5.20896
0.0790138
8.19849
7.75539
6.73975
5.33373
6.84171
2.05421
4.57595
9.81911
9.35135
1.73931
8.20971
3.79586
6.24899
4.10638
7.20538
7.73418
2.90146
0.913529
5.97531
2.54832
2.28535
5.21828
6.51196
7.98426
1.78435
4.98094
0.837676
4.84991
0.8939
6.04663
4.92893
9.09239
3.80203
1.66868
4.42611
0.643738
3.72288
9.00206
0.462852
3.07424
0.74137
8.67257
6.87009
6.99036
2.77894
4.07547
4.72454
5.6804
4.989
0.699854
8.22872
7.27435
5.91814
4.74068
5.25861
7.70249
9.72162
6.09629
2.5524
0.615516
2.14292
7.48133
9.7079
5.94494
9.15001
4.13402
6.58868
2.87289
3.13608
7.05153
5.94713
3.87745
5.7241
2.81722
0.867807
8.50304
6.89269
5.59235
4.18344
1.88169
6.2922
2.41216
9.15604
2.21034
7.15284
4.41465
9.91283
6.87446
0.510941
2.46523
7.48997
2.65386
9.94656
7.19788
8.5988
9.09657
1.33189
5.18749
1.96946
4.46797
2.23902
7.91659
8.34542
7.96312
0.733805
9.21323
6.46616
7.6265
4.80558
0.649606
9.50819
1.09778
3.06177
8.66424
3.30812
0.21461
3.07889
3.22095
7.08907
3.58983
5.68618
4.57904
6.24369
5.63274
1.77692
4.8425
4.72931
3.10881
0.0299835
6.69876
7.57678
2.269
4.61535
5.9222
0.232125
5.34915
5.13543
6.69829
2.97565
9.94101
7.34789
2.48384
1.03879
0.409661
1.14808
4.34691
0.624271
4.22697
7.56787
7.71334
7.8168
3.25405
2.29238
4.06049
8.88679
4.06929
8.90299
3.61609
7.1781
8.93297
0.314856
4.75488
1.20198
4.9302
0.677087
1.4341
0.279359
5.81252
8.13239
3.25501
5.75352
5.48028
5.73885
6.79231
5.88994
6.88693
1.13922
6.51421
1.1139
8.70709
4.22755
8.9307
1.96113
6.51993
2.99119
0.847922
0.589219
1.89418
4.46402
7.76732
0.827156
4.77887
2.52221
2.02913
9.70908
3.19929
3.46323
9.98843
9.01181
1.59562
3.24344
4.76533
7.0759
8.9823
1.55764
2.96585
5.86923
2.69686
9.48006
6.98313
1.40395
3.70761
5.91383
3.36508
0.227537
8.90502
4.21301
0.816756
0.799207
8.67702
8.58408
1.62636
3.45589
1.10628
3.6555
3.16497
4.30557
7.11873
3.1534
3.31738
8.71435
6.39685
8.08271
5.79026
5.37914
9.64035
8.7561
1.24837
2.33722
8.23616
8.2315
3.74117
1.94377
4.14533
7.10625
2.17131
3.05036
1.31926
2.98806
3.84956
9.99628
1.57214
5.47593
3.45217
2.67843
9.13142
6.61714
6.984
6.25015
9.77054
0.301383
4.96451
6.16738
8.3841
0.754762
1.54653
8.02445
9.51086
2.7949
0.361666
7.74703
1.02641
4.10283
9.6908
5.17174
1.20908
1.86211
8.2221
2.52834
4.85017
2.07166
2.52461
6.42231
7.54759
5.97678
9.10074
6.67901
2.59392
6.08474
2.92917
2.36445
6.38612
7.89367
8.53184
4.77022
8.64843
0.0783693
2.79467
8.1593
2.87327
3.15633
5.90632
3.89968
7.25917
5.59712
9.07142
8.46825
7.45923
7.29352
0.996581
2.3094
9.36518
3.52119
8.73171
6.91277
9.49797
7.83245
3.59178
2.09189
3.91719
6.52095
4.45634
0.303311
4.41462
2.98818
5.07353
3.06305
3.06655
7.8682
1.22235
5.93983
1.02453
7.12867
9.83951
8.2837
2.7258
8.91093
6.75194
0.185023
6.20444
7.74852
2.49442
5.56962
1.26972
1.22614
2.4824
0.76769
9.05859
6.07418
2.85958
2.97578
2.59513
7.31592
3.27909
7.00975
0.304108
8.35262
0.0727983
3.37066
6.22081
1.29515
9.31049
7.24535
8.42382
9.14999
5.52904
1.14962
8.06092
2.28098
1.33464
4.26536
0.0295056
3.82906
9.83499
1.29922
5.0552
2.31738
2.06691
4.11379
8.39156
4.92649
7.08956
0.986689
2.24241
0.368651
7.99644
2.54652
8.72127
8.06923
5.91718
4.94208
9.36438
5.22767
2.18743
7.7882
4.37767
7.71647
8.93782
2.43859
9.99745
0.272463
6.70395
0.026957
4.10153
6.53894
1.32618
9.15673
8.85632
3.39309
3.27051
7.24788
8.31958
0.360077
8.23457
0.561996
0.728729
6.23101
3.10852
9.45
4.30024
9.0257
4.39208
3.66462
4.25338
6.57951
1.45283
8.63104
4.29598
0.39065
1.06963
4.29343
0.663113
7.77358
4.32038
4.76464
4.31252
5.64656
3.92137
3.16884
9.03965
7.19188
0.416723
7.35923
7.55196
8.6513
7.92123
8.28069
4.8823
1.02975
7.73068
9.18255
0.0554524
2.12276
2.84717
4.30883
8.70227
4.3
2.93987
2.99825
4.69065
4.0095
7.29168
5.35376
1.78308
1.61206
0.118401
6.09559
7.25862
4.03977
9.26443
6.29828
1.23165
9.68115
3.65751
8.78361
8.33245
1.57874
7.06429
3.21475
2.60849
4.79498
2.3973
2.66394
6.91774
5.24447
6.97277
5.62001
9.54447
9.91264
8.61826
4.23512
3.92214
5.90994
9.58888
5.70522
7.522
9.70728
1.80081
4.78062
3.74704
1.06525
1.0789
4.97869
0.7464
4.73641
3.7623
9.07885
6.31515
0.826595
2.2936
8.92365
5.62157
4.69091
1.58759
2.53931
9.93538
8.56036
8.15933
9.47985
8.47301
6.77759
3.71496
2.39515
2.68752
3.30384
8.10037
0.209521
3.01112
9.90118
4.99014
6.75816
0.966429
6.06904
1.73685
1.71283
0.805452
5.49915
0.791679
7.12061
6.32575
3.08528
6.04425
1.94732
7.77619
7.63184
4.48664
7.71157
6.19221
2.64596
7.19141
4.66522
9.42355
0.906376
7.06037
2.11107
4.21021
5.16074
2.32059
7.22133
5.06192
7.31074
3.97949
6.02835
3.37978
5.71635
7.74118
4.18523
1.2155
8.53286
1.30584
7.54125
1.61814
7.35009
9.48857
9.39433
4.98194
3.97521
7.1059
1.17414
6.62117
4.29731
5.83936
6.04472
5.20369
2.89973
8.1558
9.4139
8.06046
0.47639
6.63523
3.12238
7.78713
0.614725
9.15073
1.1669
6.33107
6.89191
5.35213
7.54657
5.42476
6.65797
5.08782
7.04291
4.00806
4.5764
6.43724
8.99
8.5516
3.54313
0.164141
5.17278
7.84045
6.0035
1.2175
3.04413
8.90323
9.37329
2.45804
6.96369
9.84968
9.09327
0.0860683
7.63681
9.70799
9.2368
8.80371
6.03906
6.12871
4.15585
3.58564
1.55347
0.813821
8.67346
8.59638
4.82188
3.24985
5.03361
3.81188
1.80146
8.57675
3.97602
6.97424
6.41719
9.97952
8.19173
9.46133
8.88275
7.56503
1.91936
5.84644
7.41471
1.01263
5.93251
5.05152
0.720625
5.1693
3.85523
6.75969
1.29801
8.01108
0.345325
2.85148
8.8249
9.01878
1.44786
3.64679
2.26864
6.48147
7.45867
4.0701
5.05822
1.43469
1.04433
1.47541
1.41422
9.23607
0.936736
0.296967
6.80109
2.8561
6.1434
4.2158
3.86873
2.07591
9.26732
4.58935
7.24521
3.12255
1.34904
8.54322
1.13364
1.69437
1.3947
9.95854
0.713152
2.84256
3.60533
2.98179
9.32403
1.064
7.05189
4.38225
2.49869
8.09622
5.85766
3.91291
7.33229
6.79439
4.20988
4.13338
9.65049
0.353281
8.34918
3.51922
2.42919
7.6165
8.10857
9.6744
0.739055
9.45762
8.21763
1.87269
1.15198
9.61233
1.83123
1.86513
2.45489
5.43656
4.84693
1.77892
6.50056
1.89881
6.16117
8.99926
9.99504
2.01882
2.91217
7.32733
8.81321
7.12204
1.46071
8.46371
7.47532
9.80989
1.98292
9.90451
7.42639
0.0914964
9.57892
8.16544
9.54911
7.79654
0.0381362
0.701094
7.40887
1.86937
2.56623
9.86376
7.30593
7.41315
1.64268
3.80649
9.31197
7.80384
2.80575
9.307
9.82267
5.71792
6.63433
8.63588
2.83996
8.09504
7.09959
0.315283
7.90493
9.08251
0.219798
5.33132
9.17401
9.79872
3.49676
8.72312
7.59526
3.5349
9.42421
5.00413
5.40427
1.99044
4.86789
2.7102
9.40359
6.51057
6.51669
8.71556
4.31441
9.32244
8.02256
4.13708
5.04036
4.65689
2.77296
7.88032
2.75193
9.87254
8.1956
0.656861
8.95505
8.4154
5.98818
8.12906
8.21411
9.48494
6.85218
5.80937
3.01984
6.27639
0.8135
8.42411
8.26683
5.68139
1.13431
7.67042
2.19196
7.651
6.38598
6.50637
6.97344
4.40854
0.643446
2.0138
9.06543
3.4164
9.89412
1.81737
3.28895
8.08972
2.47423
2.244
6.50512
8.46241
0.373064
4.71923
7.94735
7.22524
0.5286
0.96719
3.50163
1.3421
9.3913
1.76846
7.02349
0.525607
9.43888
9.21545
8.17661
5.82485
5.72181
5.15005
0.233396
6.36526
7.16385
9.29883
9.78166
7.05797
1.1162
3.07061
5.14769
3.59043
5.31462
1.6528
2.05283
5.68768
6.37203
0.000182688
2.91292
6.90063
0.967373
6.41455
8.24273
0.358672
8.18301
5.26622
0.884279
7.62189
4.48167
9.06089
3.44674
0.20348
4.21094
3.68014
6.56874
1.37479
2.97897
6.3504
8.43276
4.09517
9.42102
3.58045
7.6856
4.73563
5.23325
9.73843
0.423312
1.60528
9.73861
3.33623
8.50591
0.705985
9.75079
6.74865
1.06466
7.9338
2.01487
1.94894
5.55569
6.49653
1.00982
9.00244
6.70001
5.22076
2.68258
3.26875
6.59556
5.66155
9.61915
5.02832
9.75672
9.04017
8.60877
7.44231
3.7758
3.84202
7.18074
4.19911
5.44731
6.91936
7.53535
3.95322
7.62534
7.28613
0.701865
8.69
5.21994
2.71673
0.638935
0.775627
9.21326
1.64876
9.77806
5.91327
6.86952
2.46064
9.18202
3.46508
8.12218
8.80117
8.4934
7.8789
7.84134
7.10217
5.32121
1.61714
0.944191
2.50196
5.81625
6.3915
9.42131
3.3516
0.344717
7.04665
0.637735
1.04658
5.73665
5.85767
3.76331
6.37559
6.6333
2.97657
8.02435
6.41136
8.88985
4.89387
8.872
8.07187
8.35895
6.99418
6.87304
6.85235
4.87308
4.71438
3.95452
0.194298
6.33153
4.89871
2.69626
2.14778
1.29021
2.11757
5.49938
1.63493
9.16422
6.13712
2.68151
4.90087
1.99479
6.44482
1.27646
8.62808
9.4214
9.30081
5.03945
8.31124
4.19468
3.91144
6.38311
2.55363
0.905626
3.25615
9.40598
5.77871
7.97054
3.3605
5.97301
4.30206
8.25922
8.66926
6.44984
9.54942
0.786831
1.94922
1.18435
9.95105
8.08634
3.86586
4.85193
0.0811246
0.310683
6.12839
8.70921
9.73208
5.42919
3.74865
8.04332
9.62387
7.6601
4.42643
2.1775
8.56572
7.68259
1.58348
4.34443
5.65312
4.94398
0.317442
9.95519
3.2032
8.9867
6.40503
2.75262
9.77354
8.35425
3.93697
9.72459
6.44059
7.80284
4.57651
6.52172
8.11352
0.704898
5.23092
7.8456
6.13409
8.97958
5.88892
5.75796
6.63968
0.31535
7.93546
5.2054
7.99794
9.51894
9.54983
3.65106
4.46292
9.86727
3.60625
7.66612
8.85398
0.0112753
0.418742
8.62752
8.36553
4.35572
8.3521
4.80612
2.15855
2.92862
1.32783
0.272071
3.63351
6.55876
8.11767
9.7676
5.53834
4.00659
5.52556
2.17801
4.32194
3.46102
7.38341
2.31987
2.97996
6.93325
5.97093
7.44288
6.80052
9.57718
5.109
5.6545
9.58845
5.52774
4.28202
7.95398
9.88346
2.63412
2.7601
2.04201
5.56274
4.08793
2.31408
9.19625
0.646692
0.431749
8.96386
6.18503
4.43834
4.48942
8.36304
8.76027
7.95044
5.74646
1.08014
0.9304
2.67971
7.05108
8.37328
9.48023
6.62825
3.48228
5.13473
6.2167
9.01002
9.41674
4.17068
8.89348
2.05086
6.93078
0.935489
7.6136
1.01872
3.24957
6.80985
1.66541
3.68132
5.77371
7.85044
8.11965
0.263128
6.21348
6.87993
8.21357
1.95994
7.96007
9.14397
4.63965
5.01114
7.51725
4.11987
1.6394
0.999528
9.2546
7.8561
0.00954858
8.67134
2.02678
8.90303
0.722205
8.95756
9.83852
8.33581
9.97628
3.08809
5.14566
1.64169
6.7694
0.919366
9.49212
4.88906
1.18249
5.70561
1.76898
9.39606
7.66555
9.72905
8.54003
2.30519
4.7402
6.05728
6.42506
6.37959
7.05681
5.67966
4.23569
7.06636
4.351
6.26247
5.96939
5.07321
5.22004
5.8079
3.40901
5.19631
8.89599
8.55467
6.838
5.66539
9.47404
6.33012
0.554449
0.656533
2.03573
2.32343
0.0525968
9.70128
2.05248
8.59263
2.00647
6.79268
4.64991
8.43153
3.17227
1.70672
4.11119
7.40796
8.77308
8.4622
3.67043
4.74247
3.53541
8.89047
0.550371
6.94442
4.08678
9.44636
5.49909
0.924783
5.11175
4.97313
7.25491
5.6662
5.62966
9.29064
7.98963
5.68226
8.99191
0.0421141
4.27489
0.998382
6.83479
8.9248
9.42991
0.00706754
0.631526
3.54111
7.41503
9.40461
2.0033
1.08546
4.14708
5.53871
9.97593
4.69745
2.48313
4.06272
4.14381
7.98222
4.9875
9.25555
2.95535
2.24241
4.92175
8.58501
1.53304
2.91138
4.26727
0.524959
2.9535
8.54216
1.52334
9.78829
7.46697
0.953254
9.79536
8.09849
4.49436
7.21039
7.5031
6.49766
8.29585
1.65018
2.03637
8.27179
6.34763
4.5195
2.3345
0.491432
2.50171
7.322
9.74699
5.45706
9.56441
4.66874
4.04208
1.09745
7.58012
8.30935
1.62241
0.533613
6.85151
3.14575
0.321904
4.31848
4.09901
0.117261
2.41697
8.59337
7.32765
9.92007
5.09103
5.6235
1.57025
7.1274
3.89529
7.91787
1.64689
6.22979
8.4093
4.14861
3.55179
8.15629
9.60567
3.1162
2.82503
3.64775
4.21365
0.405145
1.9571
5.83606
0.938759
8.80861
8.98181
1.26066
3.12709
3.08082
1.37792
5.54406
1.67419
8.70557
5.46413
6.76522
4.32907
7.03437
3.89261
8.22436
4.95224
5.53951
4.45415
3.36155
9.68812
8.00594
1.51784
9.29379
1.12213
4.34287
2.94154
5.33578
4.74801
4.89863
1.17184
5.68677
3.70724
0.153658
6.94743
6.83433
3.23448
8.32536
2.37839
4.90867
7.03093
7.84251
1.67388
1.36
4.87688
5.5665
9.58436
9.82913
1.106
4.03851
3.19068
0.794118
2.04445
4.70852
0.0879051
3.16658
9.05138
3.02944
8.50236
3.79939
7.92807
9.6742
9.48617
1.63532
9.82786
6.4336
8.46965
3.06234
4.75896
0.848034
7.97101
1.78989
8.69055
9.64489
3.14989
3.56743
5.21139
2.73425
3.39656
6.31739
6.77276
6.58724
7.11151
8.81721
1.29575
7.19941
1.98379
0.347137
0.228851
0.486146
4.14653
8.15693
0.16035
3.6327
9.79224
9.98821
0.066296
8.26189
3.05055
4.82525
9.10992
1.02156
6.61514
7.80047
0.666452
9.76503
1.3679
5.87784
2.49928
4.76446
2.19522
9.27204
1.3517
9.30673
8.08925
2.64745
6.50614
0.0730319
2.99459
6.73499
0.559178
7.14112
4.89192
0.719528
0.773816
4.68416
0.707741
0.840112
2.94605
3.75829
5.66536
2.05598
4.77986
2.2805
9.85645
5.44631
2.04553
1.22435
1.32415
4.5448
5.98881
3.51937
3.81684
7.3405
2.8261
1.90609
9.98795
9.33224
1.97912
2.98254
6.06723
2.5383
0.123658
0.959148
3.25783
0.897475
5.64331
3.96557
1.73759
8.58936
7.72386
7.40295
0.645333
2.50372
9.68345
0.501779
7.95003
1.72898
1.72613
9.27417
6.27378
7.71493
2.79354
0.0906228
5.05543
5.61965
1.99671
5.04339
4.95189
3.97583
8.02593
1.01912
6.51413
8.14958
1.97827
9.77196
9.04706
7.62157
3.73752
0.784646
6.21093
1.46138
8.1876
6.85627
3.9651
7.87105
7.35804
1.91513
9.60003
9.08417
1.1893
5.87381
6.7991
3.98285
5.96443
1.85454
9.60249
7.96114
6.89792
4.55438
1.93697
4.92385
5.5735
8.4511
3.07343
7.55176
8.22306
2.12049
5.17334
1.96058
2.90514
1.38427
3.42196
1.09273
8.24053
7.38707
8.96378
5.59858
9.3022
8.56381
4.68275
0.491502
4.43762
1.48185
4.47435
0.402047
3.33638
4.07685
8.36319
0.234304
8.63123
0.300161
5.15815
4.20472
8.75126
8.23158
1.75648
6.97432
0.352074
6.92982
8.9349
3.25721
8.31409
2.35686
4.34994
6.55462
9.74393
3.31373
2.15319
9.04612
1.87754
6.83594
9.53763
6.31515
8.31779
4.01198
6.7172
1.65417
8.08882
5.08039
1.88847
6.72005
5.38055
7.04663
0.924773
4.13181
5.27821
2.68126
1.10613
5.63028
9.61108
0.041026
8.88749
7.92516
2.39789
3.23744
4.47978
2.14181
6.55116
6.63298
1.18794
8.4287
3.46891
0.725563
4.74385
1.7867
4.73754
1.46105
3.44087
2.82636
6.54143
5.32934
9.54641
1.92198
2.37597
0.471188
6.05379
7.65418
3.15245
7.15992
3.28446
2.76352
7.20095
2.17195
0.688686
9.59883
5.40939
5.16847
1.74065
1.96055
1.80144
2.92858
0.389244
5.27036
3.65415
5.13309
7.05706
8.39169
6.59414
0.497931
1.21805
3.13558
5.82728
0.764466
5.05756
8.20325
1.23565
1.11135
5.85742
4.3881
8.27127
9.14188
7.15162
5.47222
1.31383
7.84031
5.07105
6.72322
3.00878
6.8117
8.68377
4.81022
9.74028
9.07301
0.0805751
3.39443
4.2061
7.13763
1.78612
0.800243
7.63557
3.00417
3.93582
3.46284
3.76863
8.99338
1.66609
5.00428
0.104727
7.52351
9.39238
8.376
6.66539
6.54401
3.84822
7.97923
4.38431
8.91927
4.70244
7.39309
5.73097
3.38621
2.20331
5.47126
2.45922
2.28388
8.86568
6.66532
9.42152
0.6518
7.46556
7.05708
3.65597
1.40138
0.519924
7.4246
0.394759
2.18601
2.42888
0.499486
9.70952
1.82127
8.87549
6.37492
8.36527
2.7237
4.35414
2.74959
1.64298
9.05659
0.142677
7.37395
2.4428
2.34598
2.8452
4.90202
4.62987
1.71089
1.56734
4.05138
2.36269
9.0329
1.10846
6.01865
0.434286
1.62839
3.44325
0.829045
3.8144
5.87214
1.32853
3.52392
7.6934
0.204016
9.89884
6.05868
2.92772
4.25298
8.80826
4.5707
3.30957
8.95094
1.94464
5.75237
1.29692
4.78985
0.654385
5.92679
6.50074
2.22172
9.97817
8.86343
1.25463
1.08664
4.88208
1.68891
2.71503
8.32533
2.51796
6.52943
4.19747
3.84649
0.0533513
1.89087
4.0505
9.95219
7.94955
6.97822
4.20518
6.75781
1.54892
7.51475
5.70875
3.49357
3.26712
7.00568
8.28341
3.9215
2.93247
4.78415
6.14322
2.91064
3.64758
7.39785
3.99727
8.52966
9.08676
6.7123
6.85499
1.60472
3.24173
1.05246
5.45121
3.29508
2.94333
9.50171
3.24727
0.892878
6.47994
7.45245
7.65069
8.02886
4.9672
3.35944
1.52242
8.23431
0.365115
9.80583
2.15581
3.29758
4.58999
8.29904
6.20822
8.23756
5.69689
0.205492
6.76722
4.78365
6.91779
3.62221
6.38837
0.15952
4.67467
1.83958
3.4546
7.618
1.34129
6.70187
8.51088
7.82122
4.15432
6.16157
5.85008
9.12151
9.52101
7.3725
7.35583
9.88612
7.17833
9.51164
3.1837
1.76832
7.81068
9.39192
0.00588236
3.50757
9.59741
6.7731
8.29122
6.51521
0.395315
4.67959
6.67473
5.06999
6.51916
0.129326
2.68799
7.86045
6.83119
1.19887
5.68167
0.985512
7.36044
1.53175
0.107025
6.88145
8.90425
7.46285
6.76757
6.08259
6.97449
9.95128
7.85091
4.78517
9.3432
7.85679
8.29273
8.94061
4.62989
6.58395
5.45582
5.02521
1.26353
2.13055
0.0951945
7.7827
2.25987
2.78318
5.64315
9.09107
3.98205
1.32482
0.0765803
1.34249
2.85658
0.183605
8.22394
1.76083
7.64646
4.99151
7.84342
4.62094
4.94279
5.69433
9.40611
4.28599
3.55112
7.69884
3.2266
8.18101
4.28279
8.68242
3.20622
5.54633
0.812969
3.30141
3.32902
3.07284
6.0846
8.97217
2.16391
0.0666481
0.296996
2.24049
1.40914
3.15357
2.4241
9.63308
4.9144
0.070551
4.62459
2.75782
4.6915
9.56738
8.45215
4.09761
3.85336
2.00326
1.79645
7.07996
0.184273
6.07924
5.76238
3.39049
1.62557
6.57535
6.6919
4.95459
9.64819
2.7765
3.92676
1.81211
2.84314
4.22376
4.0526
4.25228
7.37733
6.47669
3.88536
2.29173
6.54724
8.50995
5.04956
1.23874
8.07733
3.5017
5.33634
1.93069
5.50497
7.13279
9.01066
5.68924
3.21203
4.77304
9.07973
4.8376
1.3484
5.77163
9.79219
0.996592
8.54813
3.71895
2.8087
1.39127
7.94271
6.86129
5.64356
5.32004
3.33798
9.52892
7.61177
9.88523
8.03887
2.66133
1.12397
6.1162
6.16303
6.46031
8.0469
1.668
3.5931
7.05756
7.35724
6.80513
1.8306
6.43697
1.64273
3.179
2.2086
1.43492
4.17559
0.756727
5.15386
6.98429
2.148
3.09657
3.84558
7.79156
8.41661
7.18356
7.32048
6.02838
7.06879
5.35935
8.6897
8.19276
1.47556
4.85273
4.65307
9.52246
6.52073
8.24617
6.58002
3.87797
5.0513
8.41062
0.314932
6.69403
1.58961
2.52353
8.12895
5.7652
3.28026
3.28281
2.74949
5.42826
6.37938
6.59507
3.21982
4.79598
3.77863
0.540295
0.82436
0.847426
5.89965
9.51406
9.04018
7.37521
4.36679
3.69325
6.89766
0.887522
1.93942
3.47768
4.76549
6.99072
1.8883
5.08042
3.68475
3.47791
7.60395
1.8137
9.24311
0.884209
5.09651
1.9926
6.31247
1.47588
8.58767
9.53228
6.27187
2.36631
0.07258
7.09623
3.21374
5.97223
6.61029
2.25392
3.34743
0.977085
5.94717
0.245098
1.86461
7.88659
3.72278
6.63009
4.87731
5.61107
1.71051
8.56206
9.08898
9.31447
0.375753
8.3321
0.198675
5.47226
0.324701
6.51114
6.94814
8.91238
6.04343
3.22001
1.27869
6.11601
0.316241
4.49242
2.08824
6.92653
6.74634
5.43567
7.90362
2.69351
5.68077
9.76822
0.580096
9.40355
6.39832
5.4574
5.01462
8.10883
4.01946
4.1036
7.4233
4.39521
2.4357
7.62197
9.86747
2.7604
4.13312
6.81561
1.67278
0.176545
0.0356258
2.95146
6.29255
0.351867
7.44388
8.38079
7.2784
4.19022
3.81646
5.18201
6.88373
9.49723
4.95024
7.46383
8.90077
1.34856
2.92123
3.91539
9.45739
6.94069
8.019
6.88069
1.3359
0.454696
4.50266
1.20337
3.2151
8.63578
8.01898
4.88787
8.81232
8.05461
7.83934
5.10488
8.40648
5.28322
3.48566
5.68487
9.47344
7.30212
0.86689
6.35717
6.79935
5.81713
3.821
5.70013
7.16568
6.74223
9.61552
6.62307
3.68292
7.63452
3.50376
5.01882
8.08921
8.00642
6.22219
1.30431
6.6422
4.24117
6.19219
5.45452
2.29578
4.03152
0.5594
0.70226
9.31474
4.04506
6.38713
8.78818
1.34719
7.25402
5.14536
8.14654
3.07115
8.96636
3.84666
0.236836
5.70859
3.46218
6.85991
9.39151
1.0967
0.36367
4.41033
9.18592
8.37009
0.63252
0.490227
5.01229
4.87369
6.68241
0.466817
7.16948
0.713935
1.02622
7.87174
0.0286767
5.07128
4.25887
8.81686
6.41847
1.5129
3.96222
4.56501
4.58405
2.92858
8.41167
4.82089
8.63717
1.87385
1.68079
8.02868
2.97056
2.04446
2.43901
2.15647
0.414557
3.07153
2.6467
5.42685
7.94522
9.32911
5.89367
5.1147
0.0430465
6.91988
2.98643
0.0717232
1.99117
7.24531
8.88858
8.40963
8.75821
2.8508
2.97464
3.34225
5.77938
1.38631
8.16314
4.41655
3.26016
9.84394
2.44522
6.23072
1.8884
4.88423
8.38719
2.30296
7.95576
1.03389
7.72981
5.90098
0.363
3.62347
1.01567
0.406046
0.543359
4.00211
0.47777
2.53452
1.24742
9.36635
0.944157
0.00562083
2.21716
3.9188
3.34788
7.99654
5.3051
1.51102
2.41308
8.56526
1.35495
4.85831
4.79598
3.24335
9.74254
3.18317
5.54631
7.6983
4.21706
3.27612
3.59927
4.58006
6.89959
4.61495
4.98611
7.44295
8.61705
5.46388
9.97747
9.86447
4.83023
0.921632
9.87009
7.04739
4.84043
3.21797
5.04392
0.14553
4.72898
7.45701
8.71079
6.08393
2.31532
3.50678
9.32728
2.05786
6.68995
4.87359
9.75615
0.907005
8.14971
3.35542
5.48706
5.0493
7.97037
0.47317
2.49225
6.58742
5.93705
2.46972
6.45189
0.767275
3.39135
6.32198
7.81466
8.23178
9.53995
2.85858
8.37731
4.26893
0.315589
7.0881
0.352859
2.6309
0.59488
9.68014
4.68876
7.28483
4.55374
4.44491
8.19183
2.70344
7.80034
3.6789
7.75274
5.7707
4.15207
0.24499
2.35813
0.0891114
2.71471
8.81002
0.856386
6.10606
5.132
8.67105
4.33785
4.67194
1.52963
2.71516
8.94087
1.84522
9.80326
9.29373
4.47612
0.39814
8.97387
9.16488
7.68297
3.52761
3.60979
5.8748
6.23105
1.41013
9.55369
3.9838
7.18084
3.70576
4.22879
9.53896
3.79487
6.9435
8.34898
4.65126
3.04956
3.48098
3.3223
7.38741
8.15292
4.85193
0.102564
7.09379
6.69715
9.90582
6.38752
1.17327
0.303964
5.3614
0.338152
7.98693
8.88901
3.94795
3.86173
5.12006
5.35808
3.41542
9.10385
2.53891
7.12118
3.33264
2.07787
0.916047
0.276137
0.426852
5.5673
3.3257
3.90783
8.8896
0.713106
2.06075
3.74153
0.81567
9.15454
0.438683
0.721494
5.54206
1.61195
1.02546
0.903461
1.95011
9.01239
9.79247
5.89805
2.87411
4.91253
1.25613
6.28953
4.01638
3.79504
3.41071
7.34902
5.87291
4.32676
7.62516
6.29977
9.89406
0.950856
0.207596
8.78367
1.66396
2.26835
2.5252
2.47963
1.42289
2.96388
3.20113
6.96496
4.57584
4.22658
7.86842
6.52594
3.23897
7.66088
2.42399
6.11309
2.57341
3.68012
2.40262
6.58979
7.47516
5.81333
3.93881
3.34808
0.14009
1.56397
9.64784
0.0341513
2.51482
9.85544
8.81782
4.17879
2.12379
1.34302
6.65842
3.54668
4.3069
9.85954
0.511633
8.88274
4.08613
8.38005
5.40868
7.3251
6.04093
7.83268
3.43819
8.61434
1.5128
5.84081
5.20413
8.98797
1.65414
9.14294
2.33604
1.79423
0.706907
1.98389
1.82838
3.22173
1.83933
0.646196
7.40052
3.96311
1.98922
4.05893
7.50979
6.29612
3.91848
8.02143
5.17886
8.00461
6.40148
0.587543
5.32971
2.44241
8.42022
8.76789
1.05675
9.93302
4.6087
6.26088
8.92099
6.26284
5.40382
1.25703
8.05706
6.11073
3.24092
9.88544
9.33246
5.08025
0.531637
6.73298
9.04336
2.52085
0.79191
6.55315
8.81697
4.71039
4.57458
3.99583
2.715
0.976054
4.58337
8.0447
3.41846
3.00359
6.8126
4.47521
2.93662
1.42129
0.736094
1.8576
7.68413
6.13991
3.11463
5.74119
2.25064
6.35555
5.62663
1.5831
1.4358
6.15827
8.31608
0.479158
8.67912
9.10799
7.03231
7.49609
3.81838
1.60689
1.49192
6.53337
2.58294
6.0753
4.57807
6.00141
9.07889
1.39067
0.476618
2.01551
2.81196
1.21271
3.87311
0.496095
7.35263
6.98775
6.23729
9.60327
3.3433
1.86392
1.18637
4.7791
8.0222
9.50245
5.25825
6.70132
8.61044
2.29056
4.19741
2.42881
3.89745
5.68934
8.96218
6.48039
1.76463
3.54026
2.4818
0.843524
4.93093
2.95842
2.85903
7.74289
4.17113
6.73214
8.23899
1.52375
3.71989
4.47628
1.12702
7.06319
6.3402
2.3134
1.84228
4.36239
1.81585
7.10054
1.06371
0.426282
9.3911
5.26112
2.8551
3.28855
0.950459
1.81728
9.76895
2.71509
5.35754
2.25075
3.55862
0.288465
5.20916
6.41765
8.03136
9.38029
3.14979
6.27034
0.904047
6.86968
0.746617
2.03107
3.93286
7.08682
4.34447
5.77514
1.44921
6.16031
2.87568
2.51292
6.5866
2.26678
7.77405
9.44169
5.55533
8.7245
1.25897
5.32428
1.4396
6.61651
7.57503
4.99821
6.90497
2.78419
1.41586
4.93633
2.16448
4.56565
1.20667
3.06853
1.43533
1.95329
5.0996
5.36819
9.0401
9.44407
1.14333
0.489313
5.60438
4.01901
3.00223
2.19097
6.28579
0.77628
1.63266
1.84113
9.50078
2.89163
7.16541
0.940382
9.50814
4.74043
5.93859
6.41311
7.52462
7.35445
1.34944
9.6891
1.9201
2.55611
2.75763
3.35543
4.5094
7.85723
8.72362
3.5495
7.3013
9.86695
4.03881
2.90568
3.88596
7.04105
5.09665
0.171755
7.81733
6.72932
2.01288
7.31811
9.62095
9.17829
8.25849
9.12909
3.91872
4.19709
5.5422
1.44334
1.55154
6.89164
1.13244
3.47164
9.44775
3.89008
6.82707
3.95715
1.74731
5.55069
7.50664
9.04861
5.41764
1.54545
1.95428
9.3036
8.5865
7.05094
9.47535
6.40382
3.78025
1.48824
3.72193
3.4012
0.666523
1.98043
2.53029
4.58524
6.17751
8.0725
6.02858
7.72906
4.96414
7.16103
1.2007
4.41189
1.0511
8.02777
8.36903
2.79841
3.57846
5.87568
1.84701
8.9961
7.42113
3.8013
8.2997
6.00763
0.852235
7.77506
2.41146
4.63249
9.26329
6.13339
8.03369
9.92981
8.11382
0.563984
4.51506
4.29133
8.63648
0.543639
2.02039
3.60062
7.70466
3.22109
8.01251
8.75577
1.24886
6.38154
1.55418
4.82732
2.25722
3.40119
3.82342
9.67835
7.20249
2.12313
5.68598
8.05472
9.89818
8.09744
2.68721
9.16147
4.23083
0.7209
9.09129
2.34465
1.28488
3.60634
6.63598
9.92137
4.14998
8.65637
3.52199
1.85465
1.87745
1.53449
0.610412
3.12631
7.91604
2.16459
7.95363
0.173258
5.56578
1.77706
9.85161
2.76827
3.90018
5.53759
0.82299
3.79836
3.63503
3.5102
2.95984
7.86586
4.2311
2.05112
0.210509
5.51599
5.65747
6.84649
5.43735
9.80745
5.50285
8.95934
1.66209
7.3803
0.493831
2.27251
0.506615
8.40987
4.43709
8.46025
8.58313
0.00287158
0.237308
8.43474
2.77114
4.13749
3.97233
3.59413
7.93585
7.60736
7.10433
0.895692
5.47322
1.33543
2.94681
5.68373
6.85142
8.60428
2.53022
2.28877
8.41173
8.03307
1.2481
0.0738212
5.41337
1.74194
2.34633
5.91999
0.151804
6.78342
4.38024
8.73493
6.78629
4.61754
7.16967
9.55743
8.75503
1.14199
3.15156
6.69089
8.74935
0.255889
7.58658
4.22257
1.59132
0.533396
9.9063
8.44274
9.13768
2.43652
0.731504
7.5494
0.46959
1.97961
7.62323
5.88296
3.72154
9.96955
1.80295
3.87335
6.75297
6.18319
2.60828
3.53927
0.80073
9.77794
3.0967
9.55577
0.919938
6.24825
6.24665
9.66929
6.50414
3.83324
3.89187
8.09546
4.36663
3.79817
6.5382
3.50431
6.23469
7.2697
1.05371
6.70428
9.24931
8.67694
2.58724
2.97086
8.64649
4.39019
6.84421
5.39947
0.573379
9.45248
8.93873
1.37411
9.23043
2.03543
0.929875
0.150367
8.28368
7.17653
9.81966
4.78783
1.00977
3.71152
2.88329
5.3764
7.50969
9.42149
8.88071
3.74438
6.69119
9.93442
0.448665
5.9405
8.61136
3.03591
8.91136
7.25786
7.4261
5.75557
2.65732
7.99948
5.20805
1.59606
9.37359
4.43848
3.63148
0.303466
4.58885
1.91517
7.48
4.4085
6.70299
8.48976
8.12003
9.58628
3.86616
5.62972
9.00777
2.74687
9.3741
5.69896
2.68129
9.82277
1.63947
1.29266
2.85868
0.550828
8.55051
0.28478
6.30639
1.20784
8.28426
1.51445
2.80389
7.65785
5.95293
6.43538
7.96132
0.541774
8.35054
5.44131
4.95028
5.05353
3.93107
3.07031
4.63981
7.79724
8.70003
3.64758
0.544106
8.07413
9.34655
3.2254
7.8969
0.986014
4.51806
0.755577
1.53684
3.06857
1.04036
7.84324
4.27641
9.32462
9.35768
7.0803
6.98247
5.31061
3.51568
4.94379
5.85238
1.86622
0.385098
0.802661
6.91975
4.31617
3.87297
1.55956
2.11341
2.57299
5.20715
2.65751
0.647123
4.55369
5.88291
8.54402
5.53971
0.400969
9.2996
7.07655
3.46954
0.339955
4.91979
7.74595
9.66457
4.27747
4.82625
6.64704
9.58808
8.34192
1.59083
5.44046
0.208142
1.97592
6.24312
7.12789
6.2921
0.11609
8.68745
8.4055
2.68908
3.8946
1.06302
3.33621
8.44829
6.94593
1.88023
3.988
7.3469
1.17983
1.06455
0.816437
1.51978
5.98434
8.56238
1.18435
0.261805
3.38863
7.83139
9.84988
1.73056
9.42222
5.29035
1.9387
1.39814
1.53347
9.06659
7.69024
1.64956
7.75404
6.09574
4.33864
1.64864
7.15876
7.67485
0.096937
4.10469
9.55508
4.08494
1.45159
0.734901
5.14949
2.26802
2.25468
1.13382
0.830409
3.43903
1.39563
4.21904
1.27043
1.24551
5.9496
0.692646
6.53586
7.8883
2.09079
8.06933
6.95489
9.78103
9.71889
4.70893
5.87677
4.05753
6.35758
3.03553
1.73238
6.45451
7.14022
1.28746
0.53945
8.59181
2.02236
5.68894
0.859834
4.27704
6.82276
1.69024
7.71607
8.21839
5.90928
8.9865
9.46391
1.85888
9.67915
5.99977
9.74718
1.76994
4.0691
6.70207
1.55096
3.78799
1.411
7.42774
7.84552
7.76858
0.463269
9.5779
4.22309
7.60349
0.865358
4.76254
6.1953
2.88772
0.451478
7.05513
7.16475
7.27424
8.74538
4.88083
5.49263
4.65466
3.86733
4.95654
6.51354
3.54647
0.956311
6.26072
5.31641
5.02541
2.96279
6.86737
8.8134
4.37379
4.29511
6.65892
2.14237
4.75838
6.23682
6.36546
2.36187
7.10218
1.128
8.55717
9.98989
1.57947
5.6123
7.15465
8.85371
4.35768
2.03547
4.34635
9.01234
5.9028
9.30289
5.52588
9.44928
0.259204
1.7866
4.76569
5.28461
4.74939
1.63306
4.09801
9.12318
5.92817
0.756931
1.26555
0.686548
6.99375
7.631
3.04842
4.09593
8.759
1.60559
4.08582
0.338472
7.21789
1.24047
9.19219
1.57557
3.27594
3.53854
0.587904
9.17874
2.84143
6.11378
8.62802
3.10063
7.90038
3.39371
8.38525
2.64977
5.02677
2.48326
1.77295
0.954936
3.24019
3.0385
1.64148
0.233938
0.669503
4.6899
4.32987
9.4285
6.29549
8.41569
9.76697
3.51338
9.65616
8.95916
5.08895
2.9321
2.4977
5.67685
2.11084
5.33912
1.79063
0.738865
8.43976
9.69101
4.13257
6.825
2.34078
9.15934
9.30826
4.11373
0.114275
2.54845
7.15223
1.75576
2.78238
7.82174
6.44566
7.11225
7.25024
2.74115
5.52794
7.01721
6.25453
5.1841
5.97637
1.34347
8.11619
8.47407
7.02033
0.227038
3.8132
8.81096
0.965903
2.25295
8.50197
5.09848
9.07795
0.842753
4.25781
8.38621
4.95649
4.37209
0.934661
2.10872
6.12785
3.71705
9.93046
2.57351
0.829298
7.1807
5.31466
6.35724
4.19791
1.56919
1.54133
0.174286
2.91267
9.65753
8.64836
9.93299
9.88457
2.46155
8.74395
0.85047
4.71451
7.24592
5.94894
3.79246
8.08867
0.206759
2.17868
3.04516
4.57885
3.11334
5.15388
0.706697
6.83038
5.08434
3.28021
7.65968
2.26504
8.59487
4.01692
6.46295
0.164061
5.55825
6.63724
3.07673
5.21578
5.2856
3.00972
5.10035
7.74715
1.75367
5.95082
2.46165
8.99958
1.89976
6.25412
7.08826
2.10652
8.43279
0.133416
6.68537
1.54613
5.2873
7.39206
8.37651
0.371639
0.672271
6.03619
2.63668
9.26714
0.0531094
9.09963
9.4312
5.61136
5.73687
2.50793
0.827139
1.02246
5.51765
5.92748
8.76961
7.27132
1.8783
1.23126
6.2709
3.77806
7.48538
3.35916
5.88458
5.91817
3.49257
2.56994
7.4643
8.77987
9.96201
5.84081
9.15151
0.634278
1.87701
1.78819
9.90142
1.93012
0.887817
9.33262
7.54148
6.62468
1.84055
8.36861
7.64715
7.3582
4.2961
6.41676
4.62951
6.1744
7.64802
0.900415
9.95246
5.1334
4.25957
5.83704
1.05158
7.75214
8.40698
8.51588
6.53202
8.36899
4.35669
5.68352
9.00326
6.2337
7.47171
8.90468
8.16382
8.35953
8.2373
5.70529
4.98421
0.0778514
4.07391
2.63136
7.43605
8.37001
9.04811
2.06556
4.5444
6.69613
2.96598
4.49686
1.82954
7.22555
0.333897
2.88111
4.9777
8.74088
1.39699
1.50971
7.10986
5.75369
7.19323
6.11313
1.98739
4.66495
5.01781
0.151202
3.02447
3.25511
5.85649
8.00868
3.33296
9.9304
0.64004
0.76901
8.30041
9.68815
2.83457
2.84481
6.38429
5.80055
7.34167
8.21382
3.0261
7.67557
1.09494
8.0038
6.41645
2.49193
9.51351
3.52631
8.24561
6.70674
9.63943
0.233
1.37169
4.65724
0.384202
4.39616
7.91235
6.2407
2.40485
1.24531
6.1711
3.04489
2.01432
4.47151
2.73304
4.84889
7.31632
9.11733
0.649445
4.65799
7.33115
3.67555
2.33357
8.42609
1.67935
8.75001
0.918016
1.19286
2.27632
9.16363
7.8996
1.91576
9.39663
9.27129
6.573
9.78083
3.66745
4.48535
6.02153
6.0723
5.73066
2.19262
9.11718
7.74497
6.66413
1.85022
2.59387
3.98045
0.96755
3.24331
8.63844
8.2987
6.91886
0.97201
6.72479
8.59821
9.72202
7.6428
9.79107
1.99834
6.80643
7.69067
3.9141
6.20306
6.96196
0.487098
5.98389
0.629414
4.97244
2.00542
6.70171
0.703099
4.19804
5.8189
8.44807
0.862176
7.66912
1.04194
4.84263
8.63667
4.28525
3.48107
6.93537
1.20411
4.45308
3.66016
9.80232
4.1751
1.30296
9.59339
6.17345
8.1094
7.28406
0.0875489
4.31246
4.24602
0.574646
0.296352
4.87543
5.54709
2.30177
1.57714
6.25019
6.49982
7.39604
4.69826
7.36199
5.06516
5.7402
2.20462
3.70184
0.0254538
5.68569
0.637211
1.22957
0.138769
4.29737
1.03189
4.31387
5.60034
0.625274
0.48732
3.70973
7.90933
0.574869
8.02219
2.15535
1.14952
8.31855
7.03078
6.69661
0.620319
8.60792
2.94679
7.12014
6.00396
7.64506
4.48213
1.06913
3.38526
6.68675
4.77096
3.41071
2.37244
5.40817
4.64028
2.5112
9.70555
5.67217
6.82508
5.30588
6.29744
7.3124
9.01562
4.20677
7.88727
7.03781
6.36211
9.03678
5.35636
3.39289
5.73339
5.97668
2.00081
8.68018
3.09681
8.00477
6.32524
7.57894
9.0739
9.7105
4.26569
3.84486
3.12121
6.63812
9.25304
7.76149
9.14933
8.95858
3.43366
5.9744
4.26447
9.73109
3.2868
3.28009
3.93786
1.17407
0.3179
0.299978
0.21085
5.67426
3.69287
5.94424
1.65094
5.69368
4.62442
4.74775
3.69845
0.949659
2.32669
2.77235
0.660157
6.59238
6.61721
3.78137
3.2305
5.87025
1.54286
2.37983
4.82884
4.97651
8.35423
9.0933
4.70761
1.64104
2.37339
8.64547
2.8151
2.69129
8.94545
3.02595
8.36555
2.63832
8.97019
0.0164904
8.332
3.59461
4.76424
2.03045
4.54427
7.09094
4.8028
5.20443
3.68332
1.42001
8.98579
6.91382
7.29026
0.528653
9.29365
2.1191
5.50517
7.64788
1.2124
0.212775
9.28892
3.5858
8.85825
2.10402
6.27709
7.8037
5.12997
4.64264
0.442014
4.10016
4.65913
8.77401
7.69477
9.42337
0.804456
2.23904
6.51431
5.60725
7.44347
0.197623
7.02726
6.42926
7.11144
4.31753
6.95792
6.40509
6.43662
2.46308
4.05297
7.64903
2.67586
3.34189
1.23482
1.53411
5.44591
7.51191
9.3378
0.575889
2.15455
9.77982
4.67605
6.81368
8.55383
2.37083
6.23706
9.35828
4.60987
2.75136
4.96554
2.05334
2.94899
1.9928
8.4826
0.0604278
6.31033
5.44052
6.46552
2.74695
7.90361
0.518492
0.395977
0.579464
3.86038
1.6308
2.11357
9.3063
9.14271
1.45137
9.88219
1.29726
1.23119
4.55824
8.11095
9.78502
6.92907
4.348
9.1433
1.53894
7.09936
4.10884
3.59228
0.0483504
6.10164
2.07488
0.108778
2.41196
7.51541
6.5743
5.15891
5.41901
7.09279
5.55489
5.99847
0.953173
7.18569
8.11204
0.259473
6.3284
9.56342
0.141661
7.62566
0.794609
4.6999
5.73661
0.579626
1.62897
0.0846075
9.72293
3.16791
7.18397
3.83176
6.76019
7.23232
9.9334
8.83508
7.3411
2.34536
6.35048
3.9154
7.50427
1.76949
1.00819
3.05916
7.76797
1.96136
0.244843
5.88001
2.22083
6.57324
5.44343
2.36249
4.1989
6.23804
7.0624
9.93551
6.81767
8.69137
0.0201162
6.54059
1.85928
7.20409
0.372355
8.61948
4.43641
0.305753
7.45456
1.77751
2.65111
3.80504
5.69291
0.155381
5.57454
6.70109
3.21454
3.34251
8.66245
3.45938
9.22252
0.883281
0.032621
4.66595
3.24577
4.23152
0.903994
0.308169
4.16703
7.72166
8.99954
4.18715
4.26225
0.858822
1.39124
4.63461
9.4783
5.82765
4.94036
6.93286
7.60516
7.59147
0.737899
3.29806
7.74686
6.31244
9.99915
0.961392
9.65494
8.6616
4.42077
8.87746
9.54489
4.45339
3.54341
2.79066
8.68492
4.44741
3.09883
2.85195
2.16907
2.09837
7.0391
6.43132
2.95719
8.43033
1.06593
2.43549
4.25798
6.0063
9.36834
1.86313
3.59777
0.106243
5.1612
1.34463
6.41868
5.16035
2.30602
6.07362
3.82195
6.72679
4.95108
3.36684
1.18018
8.49449
6.1575
9.8651
2.9419
9.25633
2.71705
5.11097
1.35469
9.75614
1.54229
4.31188
8.18648
2.60822
6.74737
2.44446
8.61452
6.11571
4.30759
2.21229
6.22196
9.46878
3.55691
2.64063
4.62914
5.86293
8.71425
8.45109
2.58972
3.66533
1.81793
3.7699
2.15983
7.97543
3.635
5.10173
7.23176
6.35205
0.212694
8.58645
6.1082
1.75498
2.89833
4.29467
4.36321
9.6457
6.73913
2.97772
5.76141
1.04672
5.19001
1.98337
0.515501
8.74692
4.624
5.14464
4.60985
3.33825
3.59573
7.19957
7.00358
5.41366
0.969474
9.16341
3.38909
4.60448
4.26514
0.620842
0.956528
4.47783
9.20729
7.06472
6.23281
2.10562
1.3594
0.59602
1.75132
8.09852
3.57374
7.51273
9.14524
8.76375
9.49609
9.66074
7.51067
4.12009
4.80538
2.12052
7.45834
8.40111
9.32009
4.46193
3.81476
0.289568
3.62534
7.20385
4.89404
7.89047
7.82469
5.85057
2.3683
7.03198
2.9153
8.60112
9.1376
4.27469
9.19714
0.888917
2.37322
2.77088
8.40164
1.51846
1.53463
7.89774
1.1792
9.0453
2.01783
5.98458
1.16583
9.47617
4.38568
0.485923
3.9381
8.20044
0.775491
7.56343
5.40429
5.66954
5.45391
3.22898
1.52011
7.82221
0.260961
4.4354
6.42333
9.39856
8.7101
5.62046
0.287477
1.08331
8.39134
8.68912
2.60177
9.92597
6.58686
3.78096
8.97128
8.60468
9.76554
0.137105
8.08085
4.15122
0.623028
2.01895
2.35166
1.39852
9.58238
7.75595
7.06805
5.03629
0.984934
8.58816
2.8585
1.2459
3.02357
9.28182
0.644456
1.73366
4.90229
0.931933
2.81698
3.29363
9.62105
5.41874
3.2196
6.20791
9.19971
2.19088
4.8126
8.96525
2.32798
2.89345
3.11647
2.95101
4.9124
5.46813
4.34953
4.49478
3.22408
1.41759
9.53107
4.20902
0.005749
2.38957
5.45491
3.02932
1.6714
6.09937
4.76298
6.57368
7.0313
7.57996
9.86731
6.65236
2.9987
3.08692
2.86027
2.1984
5.2778
7.67286
1.16365
7.60578
0.566314
4.28012
0.556794
5.47871
9.74825
4.90633
9.9735
2.97233
6.32391
9.50457
7.18135
6.32966
1.89414
2.63626
9.35898
3.56554
8.73563
4.12196
0.139223
5.76693
1.70191
0.00653691
2.41929
4.70061
3.09345
5.27956
6.89901
8.37125
2.95242
8.06267
5.97703
3.51873
2.34279
6.53383
8.99745
2.09104
1.44015
8.97095
5.06337
7.76406
8.47552
2.24472
4.09372
0.369661
4.88099
3.4527
3.9352
3.61662
7.57466
4.07442
9.38355
9.27657
4.08096
1.80284
3.97718
7.17441
7.0824
0.876195
5.54566
0.0348239
8.93886
1.5227
3.55356
1.28165
8.05652
2.55101
3.37268
9.49668
1.52195
8.43605
7.26074
9.99747
0.680774
1.35446
0.367134
5.56176
4.80716
4.30233
9.17838
2.38182
8.37676
8.56193
1.65839
2.45772
0.364777
5.63557
9.63213
7.44718
6.51177
5.17779
7.482
5.45063
6.70049
1.03556
6.73228
4.75701
3.58657
0.104959
4.25369
5.10852
8.54101
1.51443
5.106
9.22179
2.86889
5.47313
4.78355
7.67605
9.77546
3.96192
0.0578739
8.15222
2.52386
1.71627
0.609937
2.88863
7.35184
0.242067
0.335811
3.8636
5.41986
7.81781
9.31423
2.12035
8.85338
6.04651
6.87736
2.43995
6.15147
1.13105
7.54847
4.69248
2.64548
2.65447
3.91426
5.51436
8.1276
8.69781
3.19042
7.90306
2.65973
3.24829
6.05528
5.18359
4.96456
6.66522
8.07222
2.31639
6.90729
8.40803
6.18
2.32715
6.22584
5.49423
4.4475
5.07922
1.54073
1.32486
7.51917
7.6922
2.45591
5.06764
2.38468
5.10139
7.7221
6.29894
0.615753
5.8497
4.99675
3.80617
3.75276
7.65648
7.05446
9.80805
2.84007
2.01902
6.47327
0.912288
4.33541
3.38056
9.32032
0.515407
5.70771
5.54616
6.00963
0.155204
0.625385
7.55036
1.48007
8.14455
5.24256
3.93598
3.21219
7.62724
9.03737
0.934289
3.92618
9.65312
6.78399
8.92292
3.45929
0.536754
6.5794
0.513752
0.344802
9.41947
2.53277
6.81807
0.331762
6.86818
0.198627
9.65208
7.38359
5.90633
5.19825
3.39322
6.06154
5.82363
0.943584
7.5416
3.96818
6.18615
1.47758
7.18037
3.81338
0.514947
8.11466
7.73956
0.168066
4.89865
6.66248
3.62736
5.4354
3.24189
4.14111
5.7802
2.66136
6.67388
2.59827
2.99312
3.54206
2.7969
2.6452
0.925645
8.70323
7.84345
4.31886
4.76477
3.66708
5.26245
2.30637
7.63526
1.44859
3.78395
4.81563
5.26198
4.2989
2.93028
3.00154
4.46697
7.82893
9.66402
8.09432
3.26433
2.90591
2.23543
9.04453
5.56727
8.90931
1.64281
8.56039
2.45137
4.43971
1.20559
3.37701
3.14294
9.04904
7.69588
7.90771
2.71612
2.95832
0.214088
0.351377
4.40692
3.99804
5.167
9.6689
8.29694
8.09728
2.67043
2.76391
5.92621
2.33445
0.85823
9.19054
5.24036
3.09366
8.23508
0.807622
2.00297
9.87789
9.36801
4.45434
4.3176
0.573604
7.83135
7.46054
9.62264
5.52722
5.36825
2.33876
8.48555
5.58234
2.69014
2.89247
9.58038
7.85714
2.56136
7.87733
5.95443
5.2318
0.641233
1.88064
7.56625
1.49946
1.07118
2.8066
4.59312
9.30626
3.61422
6.59609
9.18415
2.98223
1.05043
3.50175
3.55584
8.88178
0.962286
3.17848
4.409
6.33054
5.51725
2.89455
1.91288
8.20738
5.78702
1.49327
6.06453
8.34839
9.37059
2.01895
3.58018
0.0118273
3.89959
1.14643
1.51129
4.97078
3.95303
6.10442
4.27704
7.56725
2.70051
3.46119
0.549487
3.75094
6.96294
4.10533
2.63272
7.92522
7.28381
7.04172
4.25576
2.80105
9.93627
6.16865
1.00844
5.72329
7.66192
7.07296
4.07168
7.03251
9.09192
7.65186
7.04434
2.99151
8.79828
8.55563
7.96229
2.75131
4.66004
2.23933
0.318564
7.36055
5.70052
0.86805
1.11149
2.66346
4.97338
3.74421
0.588685
2.25718
0.785927
4.84445
5.05824
0.722198
1.0131
6.06667
6.44549
8.67502
3.13964
0.517166
5.70753
2.23156
8.16902
2.75187
5.22307
6.96731
1.3075
3.18536
9.71862
5.96754
5.42469
0.0371826
3.32809
1.12522
0.905233
4.43958
3.78868
5.87861
8.18379
4.37736
8.13579
8.96972
9.22181
3.19403
9.69192
0.23491
9.2607
6.13741
8.90993
2.40034
6.65457
4.61745
4.6319
4.82359
7.36932
9.85496
1.7909
8.67681
3.04033
1.50952
4.64435
8.46502
1.5467
7.97245
9.59024
2.45194
2.41203
3.37891
8.33054
0.59582
7.75628
6.46633
9.56554
6.97809
9.66036
9.25746
7.213
8.92106
5.39486
6.12293
1.3214
2.04943
0.740379
5.95329
6.87303
8.1097
5.80826
8.66393
6.78651
8.84858
0.17345
1.43086
7.3136
1.72015
9.40331
6.90384
4.17209
1.81534
0.282754
2.50263
2.41116
8.03903
8.96897
1.9767
5.01712
8.62933
1.23415
2.23012
7.55039
6.62901
8.35305
8.87179
8.67845
9.09343
4.82508
5.55148
7.20312
0.633342
4.2154
3.98964
9.48193
4.38885
5.4205
6.79553
6.10901
4.82381
3.69937
0.281094
6.63915
3.98212
2.78373
9.05031
2.02115
1.75269
1.02701
7.03828
0.38202
2.26116
9.2684
7.93241
8.89017
7.62144
6.8042
7.56862
6.71487
1.62928
3.1201
3.91799
2.26262
7.3355
7.90763
1.74455
1.72435
3.32813
8.54008
7.83336
8.15194
2.23945
8.11446
4.79109
6.22157
0.898182
3.8414
8.24273
2.65087
4.86841
5.281
3.03289
7.12957
4.5494
0.965304
6.01974
2.17085
7.7695
3.58837
8.88572
9.39878
6.70846
2.80371
1.6614
4.04396
0.711342
3.40595
5.76832
4.03947
1.94603
3.60168
2.19142
4.18548
1.71613
6.98251
0.407058
2.61431
0.823915
8.64979
5.26519
5.69232
3.93079
8.29808
2.82189
8.48019
9.26339
8.84164
0.651039
7.03289
2.43
9.53676
6.43167
9.13846
2.34047
8.09307
3.18243
3.05181
1.49902
8.95074
7.09128
3.44505
2.55242
9.2827
7.63054
4.26855
6.26521
8.03759
6.88287
7.08913
6.68738
2.14806
2.78145
0.618172
0.446139
5.60335
9.09837
9.70953
4.44498
9.7494
6.74241
6.87499
9.28616
3.17408
6.01345
1.62663
1.26715
9.19588
4.67843
2.76617
8.14662
1.76972
6.21122
0.699044
1.05241
3.84176
4.9676
7.31763
1.87935
1.85046
4.40675
8.56673
3.99852
7.1882
9.18491
4.44466
2.79155
8.28327
4.15419
7.23653
8.03268
0.896598
4.11152
7.31883
4.07068
0.124972
8.94546
5.33783
9.32085
3.62389
8.104
7.46747
5.39361
4.31522
8.16652
6.44602
8.15698
3.13412
3.76365
0.0363345
4.98458
8.1704
8.60307
8.9831
5.3586
7.78797
3.42776
8.15015
6.07124
7.58195
5.38668
4.10392
8.47854
9.4982
1.42275
2.54922
9.62317
0.368215
7.88705
8.94402
3.99211
5.99105
6.4115
9.38572
0.306273
4.57802
5.83174
8.46325
7.71214
9.59539
8.49959
2.69672
7.76579
7.10266
1.67982
3.1244
4.89063
5.10758
1.27455
0.961874
2.68953
6.66123
5.06579
1.16807
6.15943
6.48855
3.7173
5.7826
6.85676
1.60435
4.72663
0.848872
7.5954
1.13813
0.234588
7.90167
5.71615
6.06633
6.36493
3.42828
5.66172
4.86452
6.125
3.42751
1.96717
7.80482
6.5519
6.8578
2.9124
7.82645
7.81968
5.60193
4.48768
2.88547
6.77
0.647112
9.37402
0.487297
6.42972
6.23078
2.09165
1.15635
7.07966
9.68705
2.29447
7.31424
7.58872
8.01062
3.38057
3.95364
1.4389
9.04229
8.81816
7.56391
2.4698
0.785333
5.36872
9.02171
7.64314
8.28112
6.84816
5.46281
3.88305
1.33584
8.34828
0.653054
1.98295
7.7223
1.14035
8.41267
3.95309
3.232
9.56901
1.03274
2.91904
1.86349
8.34699
0.507761
9.87411
1.72756
4.46141
1.31301
0.769849
3.27957
8.87692
3.23965
4.0649
4.24564
2.26136
1.70803
2.52677
9.10951
7.17085
6.40982
0.44535
5.51913
7.06287
2.4283
3.24143
8.20322
0.840966
7.19452
1.43522
0.409977
8.22726
4.35426
2.27346
6.57425
4.86202
2.14757
8.30181
9.32343
3.46058
9.07166
2.603
2.3375
2.31131
6.6679
6.58314
4.57266
8.37593
9.10991
3.68217
5.54678
5.51972
4.12752
1.06591
2.5826
6.55582
4.30734
0.785821
7.39679
1.50186
2.22104
7.80676
9.72912
6.57531
0.0802267
6.30337
1.43733
2.2278
4.60518
0.760761
5.68838
3.67683
3.36376
8.02588
5.98814
0.0316549
4.60901
0.560801
8.40759
3.71892
4.24297
3.95437
9.23864
8.3705
5.02027
1.82124
4.92632
9.32762
2.60706
2.3231
0.829478
4.82811
0.129868
0.558603
1.40341
0.210095
6.86197
2.84074
2.43789
1.46715
3.6015
8.12627
5.14399
6.96526
6.15214
1.13213
6.99692
0.761159
1.69293
5.4045
4.48008
5.9359
9.35887
3.71872
4.3064
4.37914
5.53997
9.23272
3.70676
8.14703
1.55582
4.53624
2.97513
1.68569
5.09484
4.37855
1.89578
1.95681
7.21929
4.33367
3.42397
0.820791
2.45994
8.56795
7.78605
8.61209
9.70008
4.78297
9.37325
1.39301
0.187472
3.85332
7.32891
9.54634
7.57205
1.63531
3.92548
3.11201
0.868027
7.63224
1.25904
2.42385
2.16848
4.23418
4.10953
7.26332
8.61272
6.00532
9.22013
5.83201
0.338992
2.6441
6.6528
2.79893
1.21205
4.43885
1.41102
0.912134
9.22182
0.784268
2.30514
9.40929
4.63759
9.63406
8.95563
2.20964
1.26937
2.88112
5.32165
2.1374
0.513356
6.58069
4.56124
2.68183
0.814871
8.67078
9.94515
9.42759
4.6761
9.16528
5.2596
5.01509
1.80938
1.9124
7.81402
3.02143
6.35126
9.22504
3.93356
5.57308
0.00931292
6.2387
4.98237
4.64691
5.87276
3.938
6.85655
7.14213
6.81912
2.1782
9.27953
7.33247
8.75889
3.84077
0.0143067
9.57376
2.51155
9.95946
9.00136
7.18765
9.12473
4.26096
2.20274
0.934109
6.17336
0.0167612
3.95554
2.52462
9.24181
7.8891
8.09769
9.25112
4.1278
3.08006
3.89802
0.000563017
7.01807
0.754569
7.1427
3.83718
2.93277
6.42223
1.16966
1.69166
0.263001
1.18397
1.26542
2.77455
1.14342
0.26678
9.9622
0.268154
4.52774
2.16494
1.20226
0.701099
2.1817
5.1578
3.22571
1.42351
3.04689
1.32341
0.674629
7.17469
4.40347
4.57265
7.17526
1.42154
5.32722
4.31795
5.25872
8.25999
0.740179
6.42838
9.95165
1.00318
7.61234
1.21707
3.77773
8.75576
1.48385
3.73994
9.02392
6.01159
5.90488
0.226181
6.71269
8.08658
5.38398
9.93841
9.51009
8.43087
1.26181
0.184721
5.60557
5.66528
4.75737
2.78082
7.08682
0.0845964
7.09878
2.34554
8.34459
7.83896
8.77391
8.29624
8.84214
6.38626
9.51331
2.61987
5.14202
0.997164
6.35981
4.16594
7.00876
2.26469
4.39212
3.72145
0.351271
9.7761
3.65985
9.86136
8.20697
4.92167
0.0460842
3.81254
0.586949
4.80346
6.59336
7.67377
4.88805
3.69214
0.0193033
3.23264
1.5311
8.79322
1.52888
0.373235
5.17948
1.04219
2.99311
0.321496
2.03935
9.35291
4.48744
9.04811
1.6176
8.87955
2.76956
1.96887
8.65565
6.42941
1.83024
6.86263
1.35108
1.87632
0.675165
1.93803
6.67978
7.26853
9.61179
1.56783
0.96067
9.6311
4.80048
2.49177
8.42432
6.32935
2.865
3.60379
7.37154
5.85811
3.92529
9.41089
5.21102
8.41272
8.459
6.82863
7.29228
1.22856
8.7975
5.94793
7.65797
0.62774
2.81056
9.00905
2.50406
3.48572
0.947078
9.18384
0.754251
0.558872
0.751677
1.71492
0.18997
5.55215
4.20669
8.61429
1.88151
7.07169
2.21808
9.25305
2.9298
6.14336
8.66394
8.14083
4.55609
7.12294
4.96945
1.84836
8.3515
3.76696
7.7963
6.00948
4.3947
0.606852
5.01853
6.89876
4.09257
5.9656
6.0826
4.84683
6.52448
6.83428
6.56175
6.71445
2.38643
0.768436
5.32873
4.26794
7.84013
7.54681
3.52098
0.76993
3.69018
2.18493
8.91076
8.24626
9.30787
3.88021
0.0946279
7.65938
7.64717
7.89092
3.66885
2.04186
8.49778
8.68738
8.94062
2.59035
4.65298
5.02322
7.43718
1.17746
1.8575
3.99892
7.89191
4.24393
4.76736
3.22064
8.51186
2.60749
0.767453
2.03285
3.37742
4.45763
4.21777
2.28817
2.70389
3.52565
6.16838
2.79852
1.18502
3.81555
0.689443
4.85387
5.85741
9.18722
3.54125
4.79803
1.77757
8.19424
9.82125
9.21475
9.3717
1.67874
3.21367
7.26361
5.92267
7.98102
0.48425
4.43453
0.588509
1.2517
6.46738
3.96592
5.70933
0.685152
6.2541
8.41322
4.2108
2.42248
1.21174
5.39582
6.23803
1.90119
0.249692
2.09544
1.08841
3.79095
6.89347
2.86598
1.98518
6.71471
2.08072
1.35688
8.39346
5.29439
8.62049
4.31612
3.27541
9.10474
8.75066
3.86392
0.356443
5.21803
7.82984
6.06578
5.90318
4.08394
4.479
0.113981
6.50642
5.69074
5.5098
2.74445
7.59193
5.75949
4.83989
8.68033
9.55044
1.73335
1.54631
1.53562
8.44807
3.62703
2.8925
6.84152
8.92142
1.51299
1.15765
2.19683
0.617731
9.9083
6.06075
0.974174
5.12634
3.89059
7.03995
1.02952
7.97453
1.51895
1.1435
4.48095
7.20969
6.6533
7.2254
4.80162
2.41279
2.06528
3.48195
1.96323
3.79864
5.02826
3.49885
2.2467
8.65529
6.39135
9.08823
7.57671
7.90434
0.245876
9.77354
8.52207
0.154179
5.83428
9.49625
5.28051
9.72487
6.5362
6.31003
7.6994
8.05514
7.45354
2.18035
5.26483
4.10684
9.40575
0.0664542
6.51963
1.47103
3.54841
8.48286
5.26967
8.57667
1.98171
7.51637
7.23197
8.37306
6.6046
4.80868
6.2774
6.85048
4.58222
4.79947
7.00466
0.4165
4.29572
2.28517
0.141374
0.831911
8.5952
7.84078
8.88705
6.04874
0.0211275
4.15189
0.155577
9.42688
4.21834
6.67521
0.897906
7.76675
5.15807
6.16757
6.34342
7.13977
3.68395
3.57539
5.51283
0.288546
8.38407
1.79023
7.13902
2.96628
6.5897
4.14368
3.38278
0.885414
6.42885
3.52416
1.71733
5.02405
1.36493
0.60438
1.07279
1.38606
4.75627
1.22837
0.812937
8.97461
7.90358
1.71084
6.74136
3.06164
7.87842
3.08479
0.201414
1.56236
6.66018
5.71424
1.85091
5.04425
7.50447
8.98993
8.01053
4.09417
3.13361
1.39331
4.97959
9.56245
4.91747
6.69691
4.58651
6.2824
7.30129
5.6593
7.66847
2.05756
6.88767
8.4814
1.03217
4.79124
0.192245
7.77354
7.85288
8.07066
0.858326
8.0543
9.63302
7.5185
3.76854
1.48393
2.56275
1.27301
0.473861
0.573279
5.36719
3.60747
1.96659
0.34677
3.16992
6.88406
7.04368
7.75643
3.16647
4.34497
3.41573
0.834931
6.40253
0.303396
9.31633
7.4347
5.09464
9.50858
5.20824
2.94752
7.57924
6.06657
1.00182
7.21226
3.58507
4.77036
8.69619
6.14782
6.04338
9.17005
6.7211
1.41056
2.77752
8.68769
1.75733
5.94745
5.57175
8.80102
3.70388
8.73822
3.14599
7.1196
9.57315
9.54852
7.423
8.88948
6.98322
2.51764
8.39806
2.19147
5.46516
5.9773
8.25803
6.46699
3.18956
1.84311
1.23735
1.88576
7.99093
7.28073
1.05581
4.71203
8.69129
3.83333
3.39972
0.448628
9.78078
8.97148
9.24964
3.48465
7.7097
2.39563
0.604255
7.28285
1.94415
8.02725
6.17233
8.92737
0.544894
4.57039
1.11884
6.01006
0.54769
9.37687
2.47704
3.73725
1.21998
3.7144
5.62301
9.21091
0.995125
6.67882
3.92294
9.68642
0.512147
7.32267
0.135046
0.292922
6.29414
9.38469
3.77757
4.00384
1.78032
4.38183
1.28669
3.72447
2.40908
7.45902
2.65184
2.95398
2.02941
3.77068
8.96404
2.5771
3.14755
1.44108
6.31435
4.36753
5.15548
1.93736
3.57844
6.1506
8.61617
7.50138
5.83702
9.12832
4.82405
5.97206
9.42124
1.11819
5.35675
3.19881
5.12203
7.13707
7.58064
6.40872
0.861539
9.98973
3.86774
3.51338
2.9437
5.89715
7.28406
1.90774
8.47425
0.431609
3.34882
4.7886
4.79914
8.50429
6.72595
8.37758
4.65489
5.34213
5.87896
0.491911
4.47044
0.703005
6.46397
3.89169
1.8212
1.82073
7.0905
6.94323
8.9578
4.67114
3.35195
9.81934
4.66087
7.21969
3.33272
7.60457
3.11684
0.616774
9.51231
1.59109
1.04838
2.86113
6.37968
5.84752
1.36542
3.10564
4.2251
6.02032
8.44776
0.104057
6.51223
2.91821
0.807062
2.9762
6.80989
2.62826
4.79693
3.90039
9.57149
3.75472
8.57154
2.92344
3.57406
3.23241
0.143135
6.90677
0.836978
3.25998
7.52355
0.349289
4.85106
8.57193
3.21042
1.23075
4.41945
4.57584
4.33639
8.64455
0.596156
2.78415
8.74861
7.10838
5.70235
9.55567
0.0845807
2.51224
2.18393
4.88151
6.41264
1.75542
8.63623
4.98417
4.67886
2.21029
8.21658
4.82199
9.11706
9.05356
8.08197
6.64061
9.40285
2.93303
5.21254
2.61327
4.16378
9.63199
7.18911
8.50017
8.27654
7.78526
1.28431
7.02515
4.89364
6.98667
6.58082
4.97822
9.49891
8.76475
9.85973
5.91155
0.520166
8.49596
0.895721
5.19902
0.706244
9.1123
0.0210172
9.82331
8.16586
8.10299
6.46392
7.56871
1.03602
1.67646
0.18197
5.1998
1.30845
7.37108
3.69997
9.58499
5.15634
4.98428
6.61015
0.0499797
1.97095
3.19097
5.0282
1.46986
1.95572
4.88793
7.38141
2.47588
3.38389
8.27713
7.67491
4.09013
7.38943
7.69592
3.91344
5.55529
5.79891
0.377354
3.12399
6.83493
2.05381
3.30596
2.03473
3.36226
0.677039
5.7347
2.94725
5.83338
0.718983
9.5574
5.88336
2.68993
2.74837
0.911558
4.15979
4.70408
5.79949
1.5412
7.17997
9.18338
9.81833
4.85487
3.27351
7.20776
2.5508
7.18695
2.76305
8.34971
7.56431
5.88704
5.18464
9.61812
9.193
7.21937
2.98038
9.87004
2.95407
5.92763
5.70342
3.67306
5.48503
1.58677
6.36299
8.2334
2.49833
0.522782
2.93748
8.29782
2.06398
0.117449
7.4812
1.88231
4.97232
0.754716
9.09007
7.52312
7.94167
1.85312
5.87283
5.50597
7.74016
1.05747
5.12409
6.93317
8.27684
8.10447
6.80321
1.23092
4.0321
2.50663
4.90397
9.51713
4.0934
1.26696
7.75053
6.59173
1.78974
0.688011
4.88956
3.85373
0.80546
2.37076
5.73604
5.77778
3.12548
4.82611
3.3009
1.06714
6.67924
9.17374
6.57312
4.4194
0.231209
1.69721
1.35257
8.50805
9.80168
8.15578
9.73897
3.83378
0.662407
4.64295
3.35091
4.75581
5.90991
1.10143
1.34754
7.69965
1.78944
6.2371
1.55338
2.5949
8.60786
7.28942
8.37269
1.73334
2.11554
1.67359
2.80048
8.79477
0.847329
9.3736
3.21417
1.07854
1.0708
4.56674
9.58659
0.872481
2.72252
9.32556
4.70626
3.38493
3.96851
8.05716
8.14074
9.87842
9.1586
9.48828
7.57807
0.948041
5.72538
9.13145
3.54295
4.33324
6.42087
1.91563
6.06658
8.53641
3.58922
8.86706
7.33118
4.43655
8.24066
0.545351
5.51509
9.31146
5.11209
5.10168
0.183941
7.83461
4.42725
4.8902
1.21954
8.39575
2.94736
9.36027
8.27417
2.10596
8.84856
5.85224
3.054
4.57394
4.98369
6.59694
8.90718
1.40456
8.51258
4.97376
9.94097
2.1018
3.84082
7.27214
6.53835
2.08148
7.81749
2.05345
1.39294
2.92959
7.15513
1.57688
0.764197
1.58237
6.46708
1.98373
9.97813
9.41444
1.34401
8.2523
1.52039
0.192563
4.10454
4.57439
4.7665
9.08823
1.17134
3.67368
0.492786
9.68391
8.64745
0.433752
1.78571
2.48827
7.7059
8.32407
4.56974
5.52339
0.377516
5.96268
8.45298
7.53264
7.53956
9.21718
9.11502
4.00664
1.20091
9.09315
3.42107
2.54492
7.34545
4.94147
2.73748
1.44998
9.51586
7.50398
0.538208
0.687198
1.17766
1.03099
0.371111
9.82511
1.46475
2.15683
2.31338
9.17064
0.480894
6.88312
4.69403
0.85841
2.8458
3.14701
8.39105
0.385362
2.36419
7.50607
4.392
3.5651
6.59922
7.81307
6.11001
3.94467
2.75454
8.84749
5.39465
2.2704
6.35148
5.93286
2.9576
7.52914
6.96385
3.32871
7.35425
8.4286
5.48554
9.66762
7.59924
5.96643
6.55075
2.29327
6.82484
9.39655
5.44029
5.21589
9.78191
7.80448
2.72197
4.17391
1.36957
9.32119
1.98698
7.47959
3.26586
4.74152
6.32708
8.66051
7.01193
2.67856
4.59336
9.96953
0.207696
1.55722
3.29824
7.56194
9.98581
8.78377
7.22957
7.58505
4.7502
3.78032
9.87833
1.57504
3.17686
5.31861
6.79094
2.95877
3.12309
9.51291
7.13268
4.49266
8.8341
9.11967
1.97225
2.09996
3.86119
8.29933
0.760463
0.873115
0.977891
5.35383
0.84264
1.18559
6.91104
4.14088
8.74753
6.89686
2.92465
5.9771
4.48191
7.67485
9.75742
4.36024
9.24989
2.93428
9.67885
6.04083
5.89305
2.80194
5.55373
3.02574
7.2946
4.38783
2.1454
9.26686
6.48779
6.00659
7.56619
7.24825
6.87971
8.54408
2.60208
7.72235
9.72967
9.51312
1.86322
8.4772
6.40998
4.78787
4.4543
0.891883
2.46272
4.21171
5.25212
1.71261
7.14599
4.93097
7.75344
3.03905
7.73291
3.30717
6.06478
5.02751
7.695
8.21018
4.29437
4.18279
4.21677
1.86056
1.43104
1.09648
0.404642
4.03311
8.81882
0.134309
3.54623
0.682046
8.61151
9.95621
5.46992
3.06581
0.848093
7.93264
7.27752
6.10021
9.64525
4.42351
1.03118
7.39869
7.46256
8.76409
0.70586
3.52734
3.79161
8.40086
1.73753
8.08598
2.58365
5.9543
9.94654
4.01469
7.05078
0.35118
8.0478
5.8696
0.485489
1.59404
6.55165
9.097
1.55025
2.02157
2.1628
2.39834
9.9542
9.44032
8.49855
9.59945
3.86384
9.52973
6.99814
1.3264
8.29383
7.704
4.85374
2.08543
6.10486
6.59127
0.171407
8.68851
2.54557
0.117944
2.7032
9.59635
0.469124
0.751006
5.46595
0.954613
2.34504
2.0176
0.0516095
3.89529
4.03917
2.21441
6.29363
3.99337
1.65474
4.79219
3.59282
5.51857
4.32192
0.590963
6.84497
2.61575
8.29496
1.69872
4.70118
4.39982
8.28999
4.87259
3.08833
0.835555
4.99053
5.79154
0.431904
5.45965
6.54254
5.89786
6.41427
8.88759
7.91546
6.46588
2.78288
1.95463
8.68029
9.07651
5.948
0.335026
3.8687
9.54082
5.8536
8.19063
0.131786
2.69857
0.806374
8.42675
4.39729
5.50755
2.82657
2.68727
0.38014
5.9149
3.52283
5.37067
1.70644
3.95473
0.830325
8.24898
9.85259
7.24459
7.13656
7.76805
3.71047
9.91944
9.72267
2.39076
8.99596
5.67067
2.72579
2.86466
5.2115
8.57938
1.05528
5.34328
1.27796
1.86166
3.77003
5.67525
7.36921
6.5966
8.36252
7.74935
2.5115
1.88535
3.12002
4.21794
5.84008
3.95035
2.46692
5.69267
1.19494
9.60348
3.46072
4.90541
9.52293
3.18339
7.29617
8.51888
8.85406
0.0219535
1.38354
4.06556
8.60134
2.43883
9.40885
9.8793
4.30048
3.17888
5.55454
1.6697
9.77548
3.91706
9.41905
2.28698
5.80241
2.53907
6.50492
1.64249
6.48942
8.97184
7.33516
7.68436
8.57532
0.795878
2.58976
8.09825
3.97927
9.88593
6.61713
2.83333
9.90789
8.00067
6.89889
8.50922
0.439501
6.30774
8.38852
4.73999
9.48662
3.94306
6.40968
9.26209
7.86012
5.82873
1.54907
3.66254
8.3678
8.05399
5.30503
4.85722
7.02583
2.64019
2.54157
5.60116
3.43607
5.13134
3.69941
7.41533
5.01727
0.316543
0.248666
4.92516
8.31722
7.14756
3.43438
8.75672
3.4553
1.8229
3.4967
2.94191
5.76596
9.90639
2.20401
3.62609
5.73511
3.75308
7.28862
4.10291
1.80708
2.59365
8.96013
8.83291
5.23384
1.5017
4.43407
8.66991
6.63303
8.13348
6.08524
1.6503
8.45002
6.33391
6.57546
6.76724
3.48147
0.00983798
5.52396
6.93677
1.83274
9.02066
9.87868
7.5987
8.92705
2.08269
1.22479
4.66216
5.83577
8.51341
8.76508
7.64285
1.10706
7.72521
6.47576
6.3409
9.22691
0.909832
5.01081
5.85994
9.04331
1.09605
7.51024
7.49334
7.42996
4.0857
4.26058
0.911428
4.09554
9.78454
7.8482
5.92828
8.8052
7.72688
3.52698
7.73225
9.80957
4.75177
2.39442
5.64534
3.26518
1.15949
3.28819
4.37224
8.8847
9.76395
0.713141
8.11161
0.673781
5.72395
3.97155
9.71709
6.82
1.48179
7.21043
4.24996
5.5675
1.47101
5.16139
9.66304
1.25555
3.00959
5.59132
0.0607484
0.736462
9.1183
7.793
0.546029
3.87006
0.187417
6.19137
7.13524
1.34691
9.47956
1.50748
0.231612
9.24351
2.22062
8.34322
9.91729
7.94457
2.31477
9.63438
4.76457
3.79656
6.84481
9.01453
9.36406
8.31582
4.17592
9.02709
9.57137
7.18551
4.61841
9.63211
7.92197
3.73671
7.42512
8.468
7.60677
7.61253
4.65937
4.74201
8.95944
4.13893
6.24949
9.19106
3.38243
8.47011
7.53428
3.29972
6.41468
9.84904
2.9341
1.17925
3.6456
9.77891
0.193779
3.00966
8.09473
4.3697
2.03676
7.6661
1.55521
6.65517
7.29822
9.47718
0.391872
4.72333
7.94518
7.99864
2.33586
2.60455
2.74065
1.29531
6.74347
8.99013
0.486362
0.125904
7.46024
8.02064
3.42562
3.87491
7.86968
6.35973
5.05416
1.51529
6.13864
5.24794
4.52495
4.23337
9.61764
6.5617
1.89948
1.17285
3.21687
9.19769
0.650031
3.60874
3.92102
8.59521
1.60738
6.25688
1.19976
4.34803
7.55219
7.94323
3.33816
8.03855
8.06913
0.798403
6.05919
1.49476
4.67332
3.92887
7.85448
9.72748
5.44415
3.99312
4.97542
9.9691
8.2265
4.59306
6.5308
0.125971
5.76591
9.74768
9.32366
6.41594
3.35642
3.24468
5.01115
4.9638
9.50156
6.21091
9.31183
7.05375
4.15414
2.64999
5.0923
2.22327
3.4484
1.15148
3.71803
8.12172
5.08035
1.57251
7.84919
0.524505
5.56563
2.82461
0.493606
3.79213
7.41767
7.02441
3.9181
3.18359
6.77209
3.24176
9.59953
0.128503
6.48644
4.61069
5.0923
5.988
0.821596
4.40413
3.04175
4.97574
7.05413
8.13405
7.19901
0.502523
9.28553
0.917034
8.62424
4.36589
2.48954
6.47343
4.89039
8.05517
9.29805
5.384
1.8473
6.71572
2.40841
5.7654
9.89931
9.18049
9.00715
9.49884
9.309
5.49359
4.10952
4.4013
1.4816
4.93112
8.80543
4.52335
9.90685
5.85956
2.6574
7.10586
6.36208
1.94293
8.0229
4.98632
6.30881
0.512438
1.45975
1.1992
8.56761
0.7578
6.5832
0.414909
7.47352
8.99161
6.18031
7.37283
8.1721
5.18746
6.87167
7.4811
0.681053
0.981189
1.8824
2.16265
5.91231
0.687837
6.68599
5.81916
6.5474
9.34339
2.92502
2.90948
1.28632
0.94792
7.8958
7.59513
1.46036
9.35556
8.79434
0.0279688
0.113357
5.37754
0.442878
7.58688
4.36915
6.62318
4.95971
2.54125
1.81064
1.83137
0.0223566
2.4917
2.81256
1.90476
4.65434
8.72487
2.5926
1.34034
4.54403
9.13999
0.683727
7.46906
2.04947
1.97004
8.41698
9.94528
9.56518
9.87733
9.30083
8.35951
9.9053
9.41419
3.73705
0.348181
7.00107
8.1062
6.97136
1.96077
0.647457
8.78201
3.79214
0.669814
1.2737
6.6047
2.57457
5.92805
5.32957
5.16717
7.26838
9.87361
4.30716
7.95211
7.34266
6.35664
9.92216
5.75964
6.30191
9.48733
5.63697
5.60275
7.84685
5.54227
5.01694
1.5839
5.89046
2.018
9.6901
2.86182
3.97877
0.337561
1.64383
7.77092
1.00738
2.91753
4.37562
3.58195
8.84558
9.70519
8.74912
6.11396
9.5788
3.05628
4.06608
6.92146
9.41292
3.98823
2.6811
5.71484
3.47557
8.31807
1.31758
1.32241
3.86035
6.33452
2.90631
9.7508
8.35252
2.59642
2.61262
2.3313
2.93398
4.25645
0.102215
3.94135
7.17398
4.47784
7.5233
6.01956
4.18303
6.27242
2.13353
3.76183
9.32871
6.1996
0.683294
8.74163
0.187837
3.36439
4.45647
3.6634
1.68247
5.77405
4.98581
5.54281
2.10857
7.89213
5.29361
0.461098
0.488546
7.90624
2.7924
3.42252
2.16269
2.89461
7.36388
9.33667
7.37245
4.88718
5.35624
1.55548
1.15961
7.48977
5.31731
0.488315
3.68937
6.00061
9.22995
3.87721
9.365
3.68642
7.54061
1.04747
9.46047
2.52642
6.59028
1.56905
0.418552
1.88389
2.03014
0.907098
9.79013
4.82254
4.32962
1.95282
7.71715
1.6935
1.28949
5.0896
6.58068
6.64573
6.64508
7.74029
4.1355
1.96239
8.22861
7.82487
7.963
7.45855
1.70208
7.328
1.14497
9.24269
8.37547
0.605442
1.76911
4.96574
2.17449
2.18766
6.84963
4.20463
3.09476
6.63976
9.02717
7.42438
8.59258
6.74432
9.11788
9.88207
1.83392
5.69857
6.5278
8.479
3.43886
0.663297
0.441395
1.66747
8.48816
8.40439
9.12602
0.190241
5.73239
0.27099
9.43293
4.10786
0.876432
1.20204
9.0736
3.05092
3.3897
5.92323
7.25555
6.48446
2.56299
6.28273
3.90884
1.15557
3.02705
3.02673
1.03764
4.86097
8.7253
7.56544
3.33998
2.16416
8.22874
3.78137
3.83162
6.71691
2.18577
2.95764
6.90715
7.91816
3.22863
6.34007
2.02602
4.10506
7.54211
1.09962
7.15599
0.931809
7.02285
4.41154
7.41627
9.58585
0.694266
1.32511
0.741419
3.72132
4.35184
1.77906
8.58229
3.07713
9.34451
1.92227
5.24129
7.57325
5.70364
9.07291
4.29015
7.88941
2.03056
1.1973
5.80757
5.25919
7.53737
7.83358
9.36425
5.07948
8.9332
6.52024
6.01129
5.95605
0.931777
3.42756
5.54189
1.62604
4.75267
6.28331
5.34736
9.10451
8.06238
3.92965
2.18164
7.40689
5.85192
7.42294
4.98013
1.55557
6.49585
9.27029
9.44497
8.5264
0.46759
5.25254
3.78559
8.00496
3.08612
3.14985
3.08445
2.01932
9.67008
9.09574
7.97537
0.60186
2.5233
3.51726
2.2279
7.27597
9.80058
7.57526
6.38048
7.86295
1.50492
8.56212
5.26984
7.35684
5.98506
0.249972
8.91241
2.48091
9.52026
8.35738
1.00731
9.98785
3.60992
4.79291
7.99281
6.69604
7.94275
1.07726
8.71536
7.61283
0.172998
6.69073
8.21469
2.6963
0.207997
0.442597
9.97227
0.0085733
8.01786
6.35275
7.87153
9.52278
4.91487
3.14136
6.87962
0.89993
3.39134
5.79203
3.38084
2.9116
4.14941
4.38815
2.89945
7.75934
9.18106
0.892263
4.45538
7.12381
1.96952
3.17074
4.73664
2.14252
9.86148
2.95134
4.83882
0.0694737
3.39393
4.81108
0.078047
1.4118
1.16383
7.94957
0.934576
6.0787
1.09094
7.8142
6.97863
4.48228
3.60623
0.35947
7.39387
7.75564
4.74762
0.293323
5.51498
3.92868
1.18559
9.97036
1.05249
3.15511
3.1411
5.78913
5.29763
3.00258
8.74047
0.136446
3.07205
2.1344
4.94753
3.1501
3.5462
6.11136
1.09967
4.48077
2.19006
2.19061
2.29497
9.16869
6.67288
5.9012
9.52816
4.06676
3.65684
4.27578
4.36008
9.17182
8.20446
5.54567
9.14218
9.25695
8.70078
2.28328
5.04608
3.99841
5.28585
3.78655
4.13485
8.3579
5.92095
9.08238
1.508
9.46715
5.19374
2.60767
3.94792
7.3838
4.79828
6.24289
6.55249
1.47116
2.1441
6.08065
5.53792
5.80094
0.356435
9.89801
4.97276
8.5609
5.44367
4.11494
7.81784
4.14445
6.39822
2.86392
8.14286
1.68407
6.65047
2.27771
0.0419714
2.57142
1.36009
1.54997
2.03856
6.55383
4.15764
5.98648
3.93763
8.95592
2.22938
0.490122
0.427086
4.37347
6.57077
5.96501
0.174411
6.92721
5.86302
5.14717
5.48811
1.30669
9.26211
3.30595
5.45114
5.66033
6.16987
3.594
7.34439
2.82034
5.87171
7.38636
5.39176
7.2318
8.93634
7.43032
3.78563
3.09398
3.41681
7.72327
2.0499
5.64618
8.21339
2.47699
0.0196543
4.78416
8.442
0.194065
1.71137
4.30501
5.34124
7.19948
5.6117
4.60335
0.505427
1.06285
0.263673
6.6753
4.65685
7.60807
9.49564
0.528556
4.99443
4.88741
7.76036
3.93077
2.31773
1.54599
7.02475
5.73454
9.26926
9.07465
1.38072
7.48264
1.55163
1.40037
2.26681
9.99363
1.59444
3.97818
4.29864
6.93568
1.17765
9.91035
1.53902
1.68308
0.973193
1.8027
8.35838
5.63004
9.41076
7.85403
6.15859
4.40519
2.74143
3.91895
8.33596
5.05916
5.46494
5.36071
0.793697
4.7342
4.43536
2.17441
2.21684
5.98699
3.57479
4.48365
5.98063
5.16922
8.46183
0.27927
2.1049
9.63948
0.189618
3.64392
1.32257
1.16281
5.44662
9.68095
6.79285
4.85738
7.53498
2.95144
9.26258
0.27641
6.8704
7.59854
5.33557
2.33534
2.95925
6.12927
7.06954
7.39461
8.30368
9.28639
3.3816
1.87847
3.77004
9.36223
7.04769
2.23187
9.6415
9.15259
1.87135
9.83112
2.79652
3.19392
0.993927
8.24314
2.87486
7.78678
3.10052
0.409841
0.73822
2.36309
0.68625
7.60862
9.96163
6.02182
9.94396
2.92088
2.15109
7.0135
0.315487
0.454772
6.29988
3.69709
2.33324
0.0699186
3.05932
9.38094
2.30178
2.70081
8.53353
4.17313
2.53193
1.33005
7.36705
3.52585
9.57318
0.241913
1.31263
2.6737
0.651753
2.05085
5.03679
1.338
9.65947
4.99842
7.35982
9.60342
7.9193
9.51091
6.61692
8.23478
9.96569
2.9168
1.93187
2.29893
2.98672
4.99119
1.67986
5.28851
7.692
0.213394
9.46164
0.223929
1.54344
6.82869
3.74978
1.11662
7.0706
5.06242
3.79032
7.72235
7.11327
8.82711
9.06036
6.77273
3.82553
6.42018
6.37616
1.74483
5.9311
2.99308
9.97961
5.89678
5.90988
1.91148
8.19571
8.89661
6.90267
9.87557
4.18511
4.59467
0.0889668
3.64675
4.8186
1.63241
0.475439
8.56839
2.74903
7.54604
3.6308
6.53936
5.26839
0.744068
5.36647
4.32875
7.5168
9.192
0.748935
3.89296
0.936826
6.68003
6.88604
0.916438
2.57681
2.79592
2.82792
0.772522
1.69253
9.7306
0.648095
5.87764
4.32527
0.737062
9.52439
9.14387
2.36947
9.99983
7.71226
5.1185
7.54587
1.34306
1.65786
2.81427
2.08713
7.02433
7.14302
9.60393
6.21632
7.89195
3.49689
7.15315
4.57198
0.382932
8.06959
7.1488
3.17886
0.89751
7.92132
4.87138
0.628105
8.56941
0.749025
4.95337
9.30647
0.273416
4.09725
1.67595
0.273247
1.80951
6.79445
7.81912
3.15257
8.45231
0.633385
5.23969
5.47663
7.7764
4.84363
1.69296
5.66836
8.34052
8.84611
0.24034
8.72345
6.9157
7.38914
1.9023
7.81321
5.31046
6.77369
8.44131
3.87987
7.52271
3.39469
3.18634
7.79613
7.49193
4.86229
8.06938
9.30144
1.65674
5.88849
2.454
0.109044
6.52188
7.6937
5.58568
4.29828
2.53732
7.27864
9.96664
0.877839
6.12475
0.206978
9.60129
3.04044
7.59612
1.50359
0.85365
2.90657
8.27728
9.29496
6.78644
5.79999
2.68965
9.97278
3.59612
0.181582
4.83507
1.66549
9.48302
6.49181
7.55399
1.93702
6.60085
4.07587
9.63072
2.18653
8.37415
2.16805
9.46517
8.34079
3.04589
5.58991
8.54777
2.64717
8.63036
6.14388
4.15076
9.48401
9.05045
2.42804
8.77897
5.83689
8.22803
1.46862
5.80967
1.82415
1.6502
0.644746
3.48964
1.13322
7.13656
1.04363
3.07025
3.73741
5.1195
2.70097
5.92394
3.49364
4.86901
5.38911
1.83443
7.9149
0.979024
0.382197
0.562072
9.60938
6.52608
4.71284
9.09339
5.57653
7.14088
7.87236
1.41342
5.36891
9.34098
7.22309
7.19306
0.991175
7.86784
0.682697
2.1244
5.0044
1.72633
5.19464
8.74181
6.84582
7.89561
4.66575
0.339466
2.76462
0.0548575
2.1739
0.679524
1.03388
2.55609
1.2416
0.643263
9.08217
5.95443
9.73665
4.6587
3.09531
7.60901
6.07212
8.46421
6.94998
3.29522
5.65727
7.94116
1.16306
6.33997
0.0655555
6.16746
8.06629
5.2602
4.90926
4.91212
3.15581
9.57501
5.25158
5.92043
9.62987
7.42548
6.59996
0.663749
9.98158
7.84155
1.30701
9.06375
3.79598
1.04366
3.72245
6.89129
8.65267
9.79457
5.35551
5.60266
3.08979
1.01278
3.54382
4.25285
7.35274
3.60937
0.420304
5.41904
8.86957
5.32957
0.331153
2.02538
4.90458
5.58273
7.94581
4.53444
3.00822
4.54577
5.19819
2.98979
2.38732
6.50521
2.05354
6.1833
7.54887
5.77599
3.07459
6.20154
5.57056
8.4301
1.8042
8.66035
9.44287
5.34801
2.9132
6.79562
8.95738
3.3335
2.21465
7.82695
8.66307
2.54581
9.85233
3.56764
8.12854
7.79814
8.10209
1.13676
2.3439
3.30028
4.12655
4.73122
9.80548
6.18008
0.914527
7.35435
1.95607
3.98912
3.55589
7.52663
2.41922
5.36009
6.18698
1.8621
0.708107
9.10018
8.65771
9.66549
2.43368
0.872367
7.49244
1.09674
3.41817
7.34477
4.66439
1.54671
5.14291
2.76647
2.68347
7.48682
6.06675
6.81002
2.21804
5.87223
2.9901
3.13257
3.22659
4.94618
7.12169
6.78248
2.47281
9.54091
2.14257
8.65979
1.40301
2.85068
7.75996
0.0607179
2.51617
0.193641
0.933084
0.00861672
1.29039
4.35126
7.35339
5.95477
5.89797
2.4963
8.72124
8.58144
9.98312
4.78799
5.39146
2.20116
0.660228
8.38157
5.33373
3.88681
3.32774
2.45542
0.669296
5.80055
1.99633
2.81187
4.46034
3.39933
5.66255
2.2203
3.46005
8.17872
2.41394
4.39313
8.18734
3.70433
8.74439
5.54073
9.6591
4.64236
8.03703
8.38034
3.22381
8.02015
3.16834
8.61527
0.22131
3.82857
6.99684
5.55504
7.71538
0.324579
8.01045
8.38468
6.12513
0.00678001
1.19655
0.585463
3.40611
6.8591
2.80576
6.86616
5.03782
5.2197
1.25929
3.22516
8.92403
0.00368588
8.76589
8.58313
4.64605
6.80293
6.96347
7.86986
4.82308
0.131805
6.48513
5.04439
3.96037
3.48197
0.599425
1.67575
3.80655
8.60988
0.0604259
9.93167
8.61666
1.25697
0.517137
2.02277
8.11607
3.3229
8.88893
3.15389
8.5426
0.148225
6.37905
7.46663
0.151911
5.14495
6.04975
4.79796
1.94787
3.01322
2.66782
6.77095
3.14503
9.15295
1.81534
7.1054
2.63491
2.41476
8.78115
6.44146
1.02464
8.84157
6.37313
9.6413
0.0985449
6.89027
1.66407
8.21461
0.21317
0.553003
1.36851
8.75577
0.701228
7.74756
6.2224
0.853139
2.89251
2.27215
5.6511
4.84038
5.28538
8.31892
1.61134
8.4304
7.47187
3.42667
5.5358
0.106781
5.84144
4.31695
6.54824
6.86608
3.15852
2.92138
6.50738
3.25707
9.81165
8.17146
1.47168
0.0248164
8.72446
2.84019
8.78059
9.42569
0.587746
5.00299
0.278826
3.48025
7.27514
5.92993
8.32064
2.56052
4.24884
9.93197
0.990922
1.72071
3.35865
6.52672
1.82749
9.20009
0.843671
8.37573
6.06617
4.00219
1.29711
2.57355
7.25926
1.10876
0.745011
8.73094
1.13357
9.46947
1.57112
9.91416
8.89516
2.15887
4.91715
9.17398
5.63912
2.19229
5.10391
3.95976
4.75281
9.35275
3.89173
5.74373
1.07346
7.25038
2.27045
2.90096
6.45047
3.11412
1.27669
2.51664
7.11632
2.5738
5.0902
4.37557
3.68256
5.83521
3.10651
4.81613
5.30468
4.67763
4.73029
4.19983
6.8365
9.64744
3.37381
2.47562
1.83973
8.47772
6.43538
6.59254
7.83047
0.327113
2.33627
8.90394
7.57749
4.60673
1.80489
4.02797
7.72085
3.08158
6.54461
4.83717
5.65539
1.6348
9.21274
9.33794
7.47001
2.31924
4.15408
2.77468
6.99687
8.88437
6.97452
3.83337
8.53181
0.348329
6.30899
0.371545
8.82605
2.74437
6.96409
6.65652
3.07148
9.30036
5.56046
0.648977
3.90708
7.36535
4.67694
1.62793
0.446939
1.22155
6.4651
6.10233
2.85635
5.67783
5.44027
0.326356
7.99708
9.59435
3.10104
4.99395
8.47872
0.0755545
8.82732
7.01053
0.423884
5.13631
7.38208
9.24993
7.88068
4.34616
5.90646
0.952162
3.64652
1.46692
1.60114
7.5536
8.83227
6.27808
9.18153
9.27921
7.49963
5.64663
5.38154
0.355978
1.32446
0.82181
0.682334
9.32154
0.416158
3.78337
4.31549
8.89488
3.85893
3.14281
5.90541
4.28281
8.27912
3.28749
3.53275
6.1598
7.63365
9.4392
7.11196
1.28017
0.906125
8.7131
8.83377
9.7384
4.99118
8.0153
9.01761
2.49081
3.66193
4.39915
2.84679
4.98639
5.22096
3.52912
4.30793
5.63712
7.3125
8.62342
4.532
1.17143
1.76623
0.437407
5.45424
0.0453512
3.72489
8.98698
6.20515
1.35854
8.42619
3.31712
2.63871
9.33231
2.03022
1.47248
9.07071
7.02141
9.48777
8.08832
9.51222
3.1497
2.48748
2.35901
8.13609
7.70844
5.88814
2.44402
3.34556
3.20063
1.06743
7.87756
4.37206
2.83366
8.31496
9.8263
2.87901
2.03986
8.81328
9.08417
3.3984
7.23947
2.40129
6.03711
6.57178
4.43151
7.50958
5.64249
1.45291
6.99736
3.73081
0.965135
0.147056
6.21829
3.32415
8.28314
3.92673
9.21228
0.727161
7.27229
2.41292
1.79459
5.14984
6.78498
4.62826
3.46481
6.61127
7.50727
5.50466
5.42455
6.59143
8.90306
2.66402
8.99272
4.94017
9.23579
3.42423
2.44975
4.87828
4.87714
9.4471
8.6091
5.84228
9.59416
4.82739
9.16642
7.8773
8.75412
8.3787
8.60446
6.0264
0.791621
0.399057
1.17625
7.5766
5.02731
4.64106
4.18787
2.53458
0.145719
9.61242
9.12602
9.04878
2.27643
8.11874
3.98894
1.51223
1.54296
6.43869
6.39051
6.42011
5.88579
4.99961
2.26238
5.47995
9.82699
1.4288
3.35725
8.58111
9.80751
1.96172
4.60751
0.599131
2.36077
5.78376
8.17573
7.38809
0.424814
2.36359
9.92267
0.570533
1.97601
9.04868
9.61931
4.25245
7.16742
3.60826
5.76468
8.71038
0.0469476
2.15519
5.13049
5.93274
7.15479
7.39287
1.41269
6.98178
8.82167
4.76994
5.56289
8.62918
6.73166
0.170402
9.22831
9.09243
5.95416
7.40404
6.48052
6.37898
9.76764
6.40319
6.94951
1.74365
5.45187
6.56882
5.9961
2.61929
0.177076
1.76077
1.32967
0.224024
3.91596
6.46015
6.15676
1.07075
3.85302
7.56945
8.05253
2.6747
2.3394
3.61542
1.30388
9.07106
3.78583
0.532195
8.16349
9.73999
7.93624
4.64401
6.11896
7.70387
1.0472
3.06847
9.44752
6.49907
9.63729
5.44362
9.11835
9.81437
7.20439
0.448019
0.0383913
1.12035
6.90817
6.19516
2.1911
0.761196
3.76461
0.243629
3.43589
6.10401
3.85905
4.73977
5.17507
7.64488
5.27197
3.33856
7.38487
3.2082
7.98257
3.50383
0.912077
9.02977
6.5723
0.359599
5.52883
6.20959
5.80322
4.64718
6.02396
3.00761
5.0952
6.06235
4.12796
2.00337
2.25751
6.31905
2.76457
6.02212
6.56268
6.20046
2.12613
0.421735
0.940236
7.30119
8.06661
6.2122
0.639752
5.45148
9.42041
8.62232
8.95531
0.332484
7.65209
5.52761
0.692083
3.18092
1.7372
6.4953
7.8281
7.76116
9.50291
2.9233
3.82351
3.63086
4.92667
6.08102
9.94992
7.69124
2.10314
6.5126
3.89171
4.22926
6.93433
4.83194
1.53046
5.00095
1.04415
2.17021
0.452428
0.464552
0.792528
9.40774
0.797036
8.44462
4.93535
1.48912
1.62553
6.67256
7.98442
9.45363
4.43372
7.48733
2.37693
8.25723
1.11819
7.30361
4.33825
1.06811
4.99485
6.44139
7.5807
8.88656
0.670647
4.51504
3.7185
2.2011
9.51598
4.76264
4.37131
9.96841
5.22719
5.16384
9.37615
6.02423
3.60845
4.3115
7.51335
5.23399
0.984061
5.49777
4.68762
5.41778
2.9851
7.06455
3.67501
4.10329
4.36816
8.01326
5.1714
9.363
4.45465
2.7521
8.24956
5.1253
7.26714
1.96806
7.3264
6.78312
6.7307
1.69771
6.75153
1.95789
6.86155
6.12768
7.98212
0.469999
0.439188
5.49547
5.70399
1.42325
0.993241
0.391603
6.84103
3.97834
7.45615
0.51604
8.08162
1.82431
8.5293
3.25302
1.18731
2.98395
6.00512
9.43687
8.10924
3.27226
1.40493
5.43564
0.0553768
8.13563
7.13335
6.80691
0.0935182
3.9949
2.93459
8.07564
4.46489
3.37378
3.57111
0.168879
4.79703
4.56435
0.560482
1.63806
8.54269
8.01664
2.1541
6.62432
9.84094
0.683398
9.87734
1.02825
3.66735
5.88246
0.465126
1.77659
9.15471
1.87005
7.21223
9.21009
0.00567931
4.34558
6.017
0.0991975
8.34048
8.95159
8.17484
2.80537
2.32537
1.74595
2.97425
7.1224
6.31031
3.53474
8.76046
4.853
1.55137
0.914554
1.47731
1.39231
1.59795
1.35465
2.42057
5.2653
7.2371
2.88569
7.04189
6.39181
4.75575
4.25413
5.6019
4.76143
8.59971
1.6189
4.86062
6.94019
0.570492
3.03546
9.74557
2.89586
4.78141
2.71982
0.0182627
1.09172
6.25455
8.77872
5.94472
7.80593
9.69327
7.42203
9.19824
1.29123
8.77667
1.61881
6.55653
6.01378
4.5045
3.59842
2.40559
9.26025
7.85255
8.0075
4.02168
6.45226
9.6264
8.8823
3.39245
0.196891
1.91776
3.13802
3.09275
6.69918
5.85784
3.11102
7.7909
2.11239
1.88974
3.73561
9.91832
1.58301
1.15764
9.11655
2.87424
9.93432
0.735361
9.43077
5.94809
5.23986
3.02919
8.35369
4.50011
0.881736
6.36118
8.52179
7.334
5.98758
7.40408
0.726447
6.18447
9.32185
3.86446
9.27723
6.02103
9.7223
2.38825
3.81192
1.83469
4.27798
7.54754
1.753
5.86099
8.70518
0.869558
8.73523
8.63949
1.60492
8.166
4.58759
6.84478
1.19519
2.94128
1.34489
2.07692
9.30246
9.86667
9.41092
5.29005
7.27076
0.137364
1.47452
6.59261
4.00183
0.751748
2.61363
3.72413
3.13999
6.42556
5.55882
7.41798
3.97309
7.31182
3.27897
2.67827
8.18138
2.0142
1.31776
9.7863
0.180199
5.90535
6.63107
1.37538
8.84663
7.97596
3.45231
8.14909
7.84264
2.86322
3.43913
5.1134
3.00059
4.91365
1.70601
7.00242
5.6654
4.31964
0.726543
8.8054
0.745194
6.28536
6.22337
4.71829
3.59718
9.50234
7.39655
1.77855
1.51654
8.71432
1.56485
1.69674
4.61967
8.19592
3.07212
3.4663
6.17189
6.52443
1.61539
4.01453
9.38765
5.05452
9.12793
2.38824
9.96817
0.833931
9.39066
5.63358
5.15357
0.117203
4.43897
5.89876
6.40256
0.662343
0.617049
9.99974
0.164682
8.0136
1.77829
1.68122
6.72792
3.34314
3.37796
1.34759
1.53907
6.45008
4.81389
7.71096
2.97451
6.42927
1.72549
2.36217
1.48379
0.853411
4.75041
1.45197
1.68734
4.14107
7.08554
6.84091
4.25827
1.52452
2.73968
0.660834
2.18686
3.35673
0.660574
2.35154
1.37033
2.43887
4.03276
8.09825
5.78201
7.41072
9.44584
7.32108
3.8608
4.25972
5.03204
6.83531
0.688998
6.75753
9.19748
2.17279
7.61094
3.94789
3.62476
9.29828
8.08896
0.710302
6.13919
2.34723
2.23482
8.87887
3.00807
4.42168
2.2356
3.66864
6.77321
3.60593
6.10751
0.805975
1.70417
1.88952
8.2167
1.15001
9.21061
2.0775
5.40974
4.24265
8.91281
6.09874
1.00017
8.11029
8.27153
8.61111
2.05818
1.89629
7.90939
0.147144
2.60659
4.04859
2.49438
4.8414
2.92746
5.50244
9.26308
5.16305
9.17109
6.03629
8.76898
5.2786
6.84227
0.473155
7.16812
5.05897
1.62317
6.37872
7.13646
7.03291
0.621369
6.04927
3.13164
1.62154
4.15957
1.40317
0.232653
6.21775
3.29946
8.14205
6.36489
5.90604
2.19063
8.85927
0.747448
5.11809
4.36172
0.0105275
0.281144
3.5328
6.04682
9.05012
8.8114
2.88909
9.52328
5.97951
7.94806
1.14645
2.35824
5.08452
8.17936
2.97961
1.13379
1.311
4.60115
5.29336
2.71417
4.8338
1.51111
6.01362
2.97585
7.87601
1.91967
5.16648
6.73528
2.66711
0.284567
1.09699
2.67764
0.565711
4.6298
8.72446
9.61584
3.44119
1.61356
9.13912
9.42071
9.56161
0.285566
1.77894
4.64613
8.46492
4.75855
5.77993
9.77592
9.3597
1.07329
2.49009
4.1935
2.5844
8.50371
7.16934
0.460411
0.423381
2.33582
7.19569
3.0905
2.62039
8.29268
5.76814
3.1861
2.92248
4.4926
2.80194
6.36367
6.10616
1.94105
5.78438
5.66777
2.22662
7.56332
0.313909
0.691539
2.32187
6.09384
0.46746
1.68157
7.16713
2.95755
5.87507
9.75153
1.46126
3.04441
0.211946
1.88465
5.38023
7.40764
4.97514
8.00062
5.70032
0.743281
1.18672
8.6228
5.23588
3.98865
4.98647
1.34204
5.9297
0.770852
7.00982
8.15632
8.33417
7.32373
8.84786
0.656046
3.41756
9.31532
2.33761
0.584695
2.27287
8.21268
0.33623
3.73413
1.25709
0.548175
5.61878
6.63732
7.95581
0.593921
4.63793
3.65613
1.3372
5.82465
2.27893
6.57309
9.8133
7.2654
7.91513
5.743
8.03626
4.92495
3.89932
6.37043
2.24867
2.74718
7.02648
5.66624
2.0625
9.36409
6.25093
4.33537
7.57677
6.58716
8.0695
8.83386
7.13534
3.68828
5.47118
5.09115
4.2822
0.109111
8.74728
5.61941
5.93376
1.02621
2.19249
5.74706
8.29161
0.107619
1.49006
6.32787
5.03256
5.38939
2.6983
7.28124
8.13657
9.72477
2.94747
0.199069
9.08886
9.19841
4.53444
6.66563
5.78557
2.60394
5.49949
2.92091
6.29223
0.97067
8.01205
0.574432
1.07978
6.75933
6.19384
7.01354
7.78554
8.38633
2.7606
6.07715
8.49395
4.25066
2.40502
3.52651
9.64005
5.10332
0.80775
7.77662
4.82809
3.75522
7.97569
3.91696
2.95363
2.51013
0.582594
8.7392
5.11407
6.08209
1.6601
1.4063
7.05276
9.67216
1.98073
8.13254
6.43149
8.17457
5.14608
4.21703
6.5609
7.90668
0.294183
5.05485
2.15735
2.69921
8.58136
1.7974
7.80253
9.38911
9.57401
2.63062
3.14433
7.5497
6.54758
6.09796
0.0598248
7.13017
4.83716
5.17389
3.21226
6.49726
6.58019
0.26502
6.16942
8.56092
8.39756
2.6009
6.73549
3.54364
6.81793
3.29639
1.45032
7.11212
8.35123
3.60767
9.81132
6.93259
5.40506
7.61385
6.3217
4.97908
0.244467
9.46604
2.52877
6.79205
5.564
2.5886
3.92222
0.401157
7.76249
7.13448
6.89842
4.34269
7.3995
3.06783
2.90361
5.79706
5.66874
9.6391
9.3407
2.48667
2.93549
0.791022
9.59879
1.28672
4.39869
9.41011
8.21932
9.80375
7.02395
4.54102
4.78283
7.26842
4.00706
7.3116
4.06047
9.57106
9.9002
7.98269
9.97221
7.66269
5.11717
6.87063
2.00538
2.51668
9.93846
4.90899
8.31374
5.6072
4.54809
7.65444
8.09387
7.48358
8.44546
7.69266
8.7703
2.84415
7.10277
6.98962
2.6479
4.12672
1.53064
7.43073
1.39514
5.5377
4.74233
5.45561
5.10876
4.64253
3.43829
5.08097
2.30522
8.55547
1.9516
4.3106
1.07214
1.89006
9.21959
9.38588
7.49727
3.76767
7.04032
5.59114
1.25125
5.48579
3.2838
0.021552
8.32994
0.386564
7.01117
0.977839
4.51328
8.54181
8.40857
5.90842
4.07951
3.15089
1.36403
9.18827
7.79342
4.80232
4.26924
0.0986369
3.35779
6.22083
4.40923
4.42993
8.1109
3.62882
3.81581
5.60816
7.39649
0.856135
1.1993
8.64774
6.34192
4.4831
8.6693
4.67186
4.86966
5.68047
5.6497
9.38294
4.22228
4.05826
5.29136
8.30179
7.20916
6.65539
7.49006
5.00257
1.45771
1.7593
5.10121
4.81549
7.98013
9.51045
9.24542
6.09103
3.13927
3.06123
1.69919
0.535758
3.91737
2.89849
9.1835
0.259291
7.38159
7.8528
4.93115
2.25126
3.53326
0.580848
1.6342
7.75554
4.63911
6.92556
6.05734
1.84827
3.58095
3.5474
6.85084
5.03866
5.3067
1.95206
9.85415
3.28684
1.4625
9.09958
9.37787
4.60177
2.16081
1.07706
5.13752
6.07818
3.97556
4.32103
6.33747
1.35715
2.17382
1.26862
3.6084
5.70709
1.84947
5.2426
3.46263
6.48858
2.16817
9.51997
8.33685
5.74912
3.06737
5.18769
0.787781
8.37407
7.13975
0.641935
1.66091
8.60225
9.74151
1.03878
3.20402
1.90232
2.11584
8.34154
7.98051
6.09139
2.66257
4.31798
7.44854
4.83639
5.5866
1.05695
0.543477
7.43608
6.29955
4.00611
3.92466
8.46772
3.52608
2.26151
4.21684
6.59345
7.44921
5.00462
4.96752
4.58896
5.64656
6.62843
3.19121
5.38807
7.66721
6.39522
7.29039
9.78304
4.73677
5.2709
5.87444
7.39934
9.58888
3.32298
2.23573
5.17548
4.37993
2.7792
2.61156
0.679482
6.78531
6.53622
9.1472
0.311386
8.79773
3.36404
6.90483
6.24694
8.36866
1.87235
0.835892
4.01522
8.50078
4.0271
9.40329
6.16799
0.422323
6.69368
5.95103
5.15909
1.96458
1.82547
2.55843
1.55346
5.14845
4.79415
6.72894
9.52838
7.57336
9.3405
0.207865
4.35867
5.87672
9.35507
4.67005
4.67445
2.71911
1.57489
0.92139
1.08777
3.44724
1.75728
5.10299
1.94802
5.78438
4.50628
8.11601
6.2067
1.19996
4.06704
1.36579
3.16454
5.89251
3.92422
4.718
1.04096
8.71837
1.44694
0.569342
6.29173
0.787445
0.777207
0.650399
6.66417
0.132275
5.32045
1.33862
2.85139
6.89534
2.26001
3.93916
0.342577
4.01729
9.04215
2.2906
9.80167
3.54843
0.406601
6.00838
4.74839
4.47364
7.37417
7.91293
0.366143
1.29839
2.63093
1.4071
0.0167626
4.07787
1.97644
6.30849
4.86531
2.75365
6.95889
1.52948
2.88593
2.27935
2.8681
5.73731
9.17468
5.12811
9.67647
9.51726
9.14541
8.71862
1.80786
8.94708
2.26705
2.21446
4.95546
7.01544
6.6881
2.32963
4.92837
7.05424
3.62802
7.5593
8.46134
3.64478
1.63717
0.437785
9.95327
6.50248
3.19144
6.91216
8.03196
6.07736
9.19151
0.900064
1.81468
8.36619
6.02818
1.49115
7.88346
5.17359
0.209767
9.69131
4.12067
2.47682
1.90577
9.07612
9.49226
8.59387
1.40575
4.42063
5.64811
5.03376
1.97993
4.10945
8.67854
3.6171
4.54723
8.63181
0.119577
7.73867
5.54398
8.15154
3.81603
4.73549
9.0516
5.63071
3.10168
5.07978
7.12186
0.985137
0.253365
7.33162
0.67645
4.37403
9.80844
2.58222
3.45015
9.3007
1.17609
4.8559
3.72134
6.8242
9.88967
5.70127
0.933644
8.56821
9.31836
5.48088
7.20002
9.43794
3.21955
2.744
7.58948
7.03558
7.47949
6.64108
2.66629
0.58117
1.72086
9.78815
1.56631
1.97423
7.11977
2.24276
6.34826
6.92821
4.82498
9.79841
6.22891
6.00107
4.65432
9.95025
2.82526
4.54398
5.65151
3.75891
3.11219
4.96988
9.23979
0.312219
4.40782
2.45933
3.05622
1.99729
9.49491
0.53571
8.63837
2.1612
1.11688
0.359234
1.94935
2.68319
2.33346
9.06912
4.92594
8.68172
5.99733
9.75092
8.48013
2.22624
5.75199
3.13444
2.17649
8.57726
7.67843
7.828
2.33616
0.790624
2.79788
1.57595
1.10284
7.20569
4.03528
4.15906
9.20299
3.53019
4.69477
7.84136
5.6914
5.81165
8.2006
7.64075
8.49484
0.534055
6.70986
3.42078
9.21577
2.70719
3.17171
7.6959
4.93343
8.9237
0.830344
7.10992
7.50095
8.50877
4.93792
9.83712
9.2994
7.7358
1.41306
0.402239
4.94149
5.44834
4.5613
4.14448
8.97854
9.25608
1.98584
4.66993
5.06773
0.186434
2.31068
3.56257
0.720489
9.02054
6.98335
9.93626
1.72773
0.155058
7.63216
6.66116
9.07876
8.46251
3.77108
6.57971
6.97128
8.709
6.41682
6.27067
6.44479
7.82989
6.67291
1.38628
3.27823
1.23422
5.53076
2.25677
0.490292
7.5166
6.92671
5.55802
7.70303
9.23739
9.12059
8.42352
8.25793
6.10394
8.35978
9.98566
6.259
5.99194
6.64682
5.33775
4.45445
0.417902
1.91746
1.42572
9.1269
8.33429
7.6964
5.57169
6.16417
4.36931
6.95797
9.44241
5.60353
2.48873
1.69918
6.09382
0.00532514
8.62588
1.65184
7.70835
7.86327
0.772431
6.13187
6.1212
6.87637
4.49165
6.10686
3.13537
0.483592
2.75368
8.47313
4.93804
3.17158
0.390587
6.36376
2.29848
8.72487
4.06016
7.87017
4.88905
8.42947
4.82815
4.33145
4.033
7.31688
6.03063
0.12682
7.3222
4.65652
1.77866
5.03056
2.51978
2.55109
1.16243
8.64098
9.42746
5.65408
4.74784
2.56283
6.13767
7.50152
1.03596
1.07571
0.673098
1.42655
7.43947
2.97158
0.151421
1.49963
0.841754
5.04047
9.9291
5.6699
9.37192
3.9621
2.98678
5.40256
4.08892
0.308983
0.0590708
5.86758
5.33954
2.57885
8.41868
6.50197
1.21983
7.84614
2.15605
5.96767
0.408974
8.29372
3.46918
1.44493
9.36944
4.14228
2.87148
6.80891
7.11386
3.0229
8.30854
7.95562
8.06337
8.23764
3.62552
7.43529
2.19974
6.6123
2.83785
6.28867
6.92128
2.89692
2.15625
2.26082
5.47577
0.574925
8.76279
6.69561
8.42106
0.918843
2.66327
8.83004
9.21257
6.13246
0.274971
8.582
0.27474
3.14645
5.39091
7.3886
6.16935
3.69945
5.34422
4.23272
1.93709
8.96974
1.66802
4.13684
5.58204
4.50586
0.425503
2.50332
7.40278
2.58175
4.76414
2.87856
3.15668
3.52693
9.57416
1.57774
4.44578
2.23744
0.407779
3.65834
8.3699
0.682749
2.24035
8.64464
3.8292
7.63126
6.03324
9.99855
1.33071
1.37746
4.23128
3.2678
0.347193
5.89929
7.40463
5.92923
0.405157
7.83014
8.43255
7.80794
0.41189
3.19669
0.686498
3.56857
6.72362
0.260661
5.14631
1.16939
2.4981
5.55409
4.82773
0.867994
6.23684
7.06808
9.51263
0.0660385
4.69934
5.54587
0.0645927
6.03004
6.92333
4.29587
9.29784
7.27052
0.195163
6.70247
3.19975
0.60032
4.53261
1.63229
8.40826
4.9445
4.82898
9.09476
8.51307
1.5526
9.35542
3.65938
2.72199
1.85352
9.21347
7.54972
2.72151
5.45031
4.6178