0
117
243
362
477
606
740
846
966
1086
1215
1351
1470
1602
1750
1870
1996
2109
2237
2365
2482
2597
2715
2854
2969
3108
3223
3340
3466
3594
3697
3825
3935
4048
4155
4262
4389
4502
4635
4761
4886
5019
5134
5261
5372
5487
5589
5714
5846
5969
6082
6203
6329
6445
6558
6681
6804
6931
7056
7176
7307
7433
7559
7703
7845
7964
8095
8215
8326
8450
8585
8694
8825
8947
9047
9193
9314
9418
9554
9666
9800
9928
10038
10165
10289
10393
10508
10632
10746
10855
10975
11099
11231
11338
11452
11580
11686
11811
11920
12038
12170
12288
12427
12533
12667
12785
12916
13034
13163
13288
13421
13542
13685
13793
13904
14043
14170
14286
14425
14562
14696
14827
14956
15079
15224
15347
15471
15606
15743
15865
15980
16120
16263
16397
16532
16664
16805
16931
17056
17185
17312
17420
17526
17653
17786
17893
18017
18146
18280
18424
18544
18670
18786
18914
19032
19149
19277
19386
19523
19633
19738
19865
19994
20103
20211
20327
20455
20576
20702
20822
20947
21085
21225
21351
21489
21606
21737
21870
21990
22124
22262
22380
22502
22629
22760
22875
23001
23123
23241
23373
23504
23631
23752
23868
23973
24105
24235
24377
24505
24616
24753
24873
24999
25143
25270
25394
25521
25652
25769
25883
26029
26146
26264
26392
26523
26640
26760
26875
27015
27130
27258
27355
27494
27612
27729
27852
27977
28102
28241
28365
28488
28617
28736
28848
28983
29107
29221
29348
29474
29600
29704
29810
29931
30049
30183
30309
30414
30530
30644
30766
30895
31020
31145
31264
31380
31503
31613
31743
31864
31975
32108
32225
32356
32462
32601
32722
32859
32992
33121
33231
33344
33458
33572
33683
33820
33952
34071
34207
34337
34468
34597
34724
34846
34995
35138
35258
35369
35496
35609
35725
35853
35968
36087
36228
36346
36482
36600
36736
36869
37007
37133
37252
37362
37477
37595
37720
37824
37943
38101
38224
38338
38462
38578
38688
38839
38968
39098
39204
39326
39463
39579
39700
39827
39928
40033
40164
40281
40421
40542
40648
40779
40897
41036
41167
41295
41425
41557
41688
41801
41917
42029
42144
42268
42390
42516
42619
42729
42833
42933
43053
43162
43294
43409
43537
43659
43778
43919
44051
44176
44286
44407
44506
44634
44762
44864
44993
45106
45253
45391
45535
45667
45794
45927
46017
46158
46268
46386
46516
46624
46751
46858
46982
47097
47207
47325
47436
47559
47691
47795
47906
48033
48160
48281
48404
48535
48659
48775
48890
49018
49127
49233
49347
49477
49605
49733
49839
49978
50093
50218
50336
50463
50596
50717
50840
50948
51081
51222
51344
51467
51614
51736
51859
52008
52142
52276
52400
52535
52658
52791
52911
53019
53126
53264
53367
53490
53624
53751
53869
53983
54109
54228
54367
54489
54603
54720
54854
54983
55124
55247
55378
55520
55646
55761
55901
56016
56154
56280
56410
56549
56673
56796
56916
57050
57183
57294
57400
57539
57661
57801
57904
58002
58116
58241
58369
58488
58614
58738
58860
58976
59088
59211
59326
59435
59576
59688
59800
59939
60064
60185
60305
60430
60544
60665
60778
60893
61039
61153
61268
61401
61525
61670
61790
61905
62012
62136
62272
62414
62537
62653
62775
62898
63049
63167
63288
63403
63524
63639
63752
63897
64014
64152
64273
64398
64520
64649
64751
64873
64978
65094
65214
65338
65457
65587
65696
65838
65959
66061
66156
66290
66421
66557
66714
66822
66958
67079
67193
67308
67418
67549
67681
67803
67919
68038
68150
68261
68386
68524
68630
68765
68886
69013
69127
69261
69381
69523
69661
69807
69936
70078
70208
70346
70472
70600
70708
70832
70959
71084
71200
71312
71434
71571
71695
71825
71954
72065
72196
72338
72454
72583
72722
72854
72998
73130
73254
73378
73485
73605
73734
73860
73974
74110
74226
74351
74446
74575
74683
74818
74943
75059
75171
75293
75426
75530
75669
75788
75913
76033
76154
76283
76411
76537
76680
76817
76954
77077
77183
77315
77445
77581
77705
77833
77956
78066
78205
78324
78441
78569
78688
78833
78948
79069
79192
79304
79418
79533
79636
79742
79850
79980
80108
80252
80380
80509
80636
80757
80876
81005
81138
81257
81371
81490
81610
81737
81872
82012
82112
82241
82362
82487
82615
82737
82866
82993
83117
83236
83371
83503
83614
83733
83856
83976
84104
84254
84378
84509
84652
84768
84894
85010
85131
85242
85354
85494
85623
85755
85869
85991
86126
86248
86371
86478
86597
86721
86850
86960
87088
87191
87299
87413
87544
87646
87756
87893
88013
88147
88260
88381
88497
88622
88770
88883
89011
89127
89254
89382
89508
89629
89746
89873
90003
90124
90247
90370
90512
90622
90735
90846
90969
91084
91205
91315
91433
91569
91688
91817
91938
92071
92197
92323
92454
92564
92689
92807
92962
93073
93188
93302
93418
93550
93694
93812
93921
94035
94161
94280
94410
94548
94669
94778
94905
95036
95149
95270
95393
95491
95638
95759
95887
96034
96159
96284
96415
96540
96643
96775
96884
96979
97105
97236
97359
97488
97607
97734
97868
97993
98130
98264
98368
98510
98646
98769
98882
99014
99125
99230
99340
99458
99583
99703
99814
99936
100060
100181
100285
100405
100530
100670
100768
100903
101026
101144
101268
101388
101536
101641
101768
101891
102013
102133
102249
102374
102504
102630
102762
102890
103011
103128
103245
103392
103526
103648
103774
103902
104056
104177
104294
104415
104530
104665
104798
104926
105034
105145
105260
105395
105518
105640
105760
105889
106008
106135
106248
106348
106490
106619
106728
106841
106975
107108
107235
107359
107479
107588
107713
107830
107947
108066
108171
108297
108411
108530
108624
108756
108873
109009
109123
109243
109344
109469
109583
109717
109837
109958
110087
110215
110335
110451
110577
110685
110806
110936
111050
111174
111305
111429
111547
111671
111805
111926
112064
112205
112313
112449
112569
112694
112814
112941
113061
113194
113308
113446
113576
113709
113831
113968
114095
114202
114335
114458
114580
114702
114841
114960
115087
115199
115330
115437
115555
115674
115816
115926
116040
116177
116305
116437
116579
116701
116822
116926
117057
117180
117299
117418
117527
117658
117758
117881
118002
118116
118234
118340
118472
118599
118714
118841
118973
119098
119217
119344
119473
119591
119694
119806
119937
120052
120166
120305
120431
120554
120672
120794
120929
121055
121189
121315
121441
121584
121734
121873
122007
122121
122244
122372
122472
122614
122749
122861
122995
123125
123247
123369
123490
123609
123721
123827
123958
124069
124209
124333
124451
124557
124684
124813
124930
125056
125187
125333
125443
125568
125700
125831
125964
126096
126235
126359
126480
126586
126707
126836
126960
127076
127179
127301
127398
127524
127633
127738
127866
127992
128114
128229
128361
128506
128624
128760
128887
128999
129131
129248
129352
129495
129611
129736
129878
129986
130105
130220
130357
130477
130610
130716
130858
130986
131105
131226
131358
131459
131575
131694
131824
131951
132059
132186
132292
132400
132507
132635
132768
132895
133008
133123
133250
133374
133480
133593
133728
133845
133973
134090
134201
134327
134452
134600
134741
134880
135004
135130
135250
135357
135489
135607
135731
135854
135989
136120
136244
136370
136497
136620
136741
136879
136994
137119
137249
137368
137461
137587
137719
137848
137969
138094
138205
138339
138452
138594
138721
138862
138983
139112
139229
139319
139471
139596
139718
139840
139974
140097
140219
140359
140492
140618
140728
140841
140961
141077
141189
141313
141442
141565
141689
141794
141920
142049
142175
142296
142411
142530
142660
142772
142903
143020
143155
143261
143392
143514
143631
143784
143903
144011
144126
144266
144380
144500
144619
144748
144846
144975
145118
145216
145322
145435
145575
145688
145804
145933
146051
146165
146299
146412
146564
146669
146797
146928
147069
147187
147310
147430
147547
147667
147797
147919
148052
148144
148253
148373
148498
148620
148739
148864
148977
149108
149238
149363
149482
149588
149710
149827
149966
150087
150211
150336
150471
150607
150716
150835
150956
151088
151195
151313
151447
151582
151708
151840
151960
152075
152189
152322
152435
152573
152716
152835
152947
153092
153223
153333
153452
153590
153713
153845
153957
154073
154183
154313
154419
154525
154630
154739
154862
154978
155096
155213
155333
155451
155575
155698
155846
155986
156116
156261
156403
156517
156639
156753
156892
157003
157115
157220
157339
157441
157547
157683
157779
157886
158019
158136
158265
158383
158495
158623
158768
158882
159007
159132
159249
159372
159486
159618
159744
159862
159980
160115
160245
160368
160496
160606
160720
160851
160967
161088
161223
161341
161484
161603
161734
161833
161969
162114
162249
162369
162505
162619
162734
162841
162961
163084
163195
163324
163450
163591
163724
163847
163952
164085
164206
164338
164466
164603
164725
164864
164971
165090
165218
165332
165464
165594
165720
165844
165977
166095
166217
166344
166450
166558
166684
166802
166930
167055
167187
167301
167426
167560
167672
167782
167892
168019
168123
168230
168348
168473
168598
168729
168845
168967
169096
169205
169327
169443
169587
169689
169813
169934
170061
170180
170293
170404
170522
170651
170786
170913
171044
171168
171278
171378
171497
171605
171730
171854
171984
172119
172223
172341
172489
172626
172742
172843
172973
173096
173215
173347
173463
173581
173699
173812
173934
174039
174174
174310
174430
174543
174660
174788
174893
175035
175154
175282
175393
175512
175633
175761
175895
176016
176120
176250
176358
176474
176596
176725
176869
176979
177106
177226
177337
177471
177601
177735
177866
177976
178101
178236
178366
178479
178597
178721
178841
178990
179111
179239
179364
179481
179605
179709
179839
179964
180074
180187
180296
180413
180533
180665
180814
180963
181093
181220
181338
181460
181579
181698
181820
181943
182053
182193
182321
182453
182565
182681
182804
182930
183062
183190
183289
183415
183544
183664
183786
183909
184027
184136
184285
184405
184526
184635
184750
184853
184988
185114
185235
185370
185484
185615
185758
185889
186003
186125
186264
186389
186522
186643
186773
186902
187016
187139
187258
187382
187506
187619
187752
187865
187986
188087
188194
188304
188439
188549
188678
188797
188912
189003
189121
189243
189358
189476
189590
189699
189819
189938
190062
190182
190314
190427
190562
190677
190784
190911
191028
191164
191274
191384
191492
191603
191731
191850
191985
192127
192262
192379
192507
192660
192766
192899
193017
193125
193244
193341
193455
193573
193684
193809
193952
194072
194190
194327
194432
194555
194666
194794
194911
195038
195171
195313
195451
195571
195692
195822
195947
196056
196171
196297
196419
196545
196682
196789
196897
197012
197133
197255
197384
197516
197628
197746
197868
197994
198126
198244
198344
198478
198595
198714
198843
198983
199112
199224
199351
199489
199596
199707
199822
199930
200021
200132
200245
200362
200479
200622
200742
200867
200985
201101
201223
201340
201460
201584
201701
201822
201944
202081
202205
202311
202431
202571
202685
202804
202924
203062
203183
203311
203445
203586
203708
203820
203944
204059
204187
204313
204433
204542
204657
204779
204888
205013
205137
205254
205373
205495
205610
205723
205851
205974
206104
206232
206368
206483
206607
206734
206856
206997
207129
207253
207375
207477
207606
207716
207843
207956
208052
208175
208302
208404
208515
208634
208782
208895
209023
209150
209284
209405
209527
209626
209745
209891
210025
210164
210305
210432
210573
210703
210827
210958
211098
211208
211338
211470
211588
211713
211856
211981
212082
212201
212315
212426
212528
212661
212761
212878
212997
213117
213247
213371
213495
213601
213717
213844
213984
214091
214202
214350
214474
214613
214736
214858
214987
215119
215241
215366
215494
215628
215767
215893
216021
216142
216255
216370
216489
216607
216713
216840
216967
217089
217229
217354
217472
217600
217697
217828
217941
218032
218131
218257
218364
218487
218599
218744
218878
219002
219132
219248
219369
219489
219639
219759
219906
220028
220167
220292
220417
220554
220662
220785
220907
221026
221149
221274
221403
221511
221641
221765
221876
221987
222119
222240
222358
222476
222599
222715
222824
222983
223094
223205
223320
223450
223574
223688
223807
223905
224022
224143
224252
224372
224485
224616
224747
224873
224992
225114
225227
225347
225468
225590
225710
225825
225944
226066
226188
226316
226430
226573
226704
226829
226952
227100
227229
227349
227452
227567
227722
227850
227972
228087
228206
228324
228485
228593
228716
228837
228977
229106
229228
229335
229465
229567
229696
229828
229959
230085
230221
230343
230449
230542
230671
230808
230926
231047
231150
231265
231383
231528
231657
231781
231913
232029
232157
232285
232418
232557
232689
232815
232945
233034
233176
233292
233392
233499
233623
233759
233874
233992
234112
234236
234330
234460
234577
234703
234835
234956
235089
235230
235372
235488
235599
235714
235828
235942
236061
236185
236309
236430
236539
236669
236777
236880
237010
237143
237269
237405
237526
237623
237746
237865
237997
238104
238214
238344
238469
238606
238724
238835
238941
239078
239203
239325
239435
239546
239669
239786
239926
240055
240169
240303
240411
240535
240658
240782
240890
241007
241133
241273
241402
241531
241659
241782
241895
242027
242157
242268
242374
242503
242643
242759
242867
242986
243110
243235
243364
243485
243617
243742
243862
243977
244101
244218
244344
244464
244596
244730
244872
245006
245117
245242
245387
245513
245618
245726
245851
245965
246091
246222
246353
246471
246572
246705
246830
246988
247101
247226
247338
247468
247598
247715
247840
247978
248083
248180
248297
248426
248553
248661
248806
248914
249049
249161
249273
249412
249535
249653
249769
249911
250025
250173
250285
250424
250549
250673
250807
250923
251047
251173
251306
251427
251530
251648
251755
251881
252001
252120
252240
252356
252497
252622
252743
252859
252996
253107
253227
253345
253473
253581
253708
253823
253940
254073
254202
254324
254443
254583
254686
254792
254918
255017
255134
255246
255375
255488
255604
255742
255881
256000
256131
256275
256403
256512
256636
256753
256883
257031
257148
257263
257402
257515
257631
257756
257864
258015
258139
258260
258385
258497
258615
258738
258876
259007
259135
259243
259383
259498
259601
259725
259861
259994
260107
260203
260329
260476
260595
260744
260877
261003
261137
261259
261387
261513
261644
261775
261891
262019
262133
262264
262382
262510
262631
262754
262888
263009
263115
263260
263385
263509
263638
263758
263877
264011
264138
264264
264369
264473
264592
264709
264819
264965
265103
265218
265331
265453
265572
265691
265826
265946
266087
266191
266320
266430
266537
266665
266783
266908
267031
267170
267303
267420
267550
267660
267792
267909
268036
268170
268291
268409
268545
268658
268764
268891
269026
269138
269255
269373
269497
269619
269745
269855
269972
270096
270207
270331
270459
270595
270706
270840
270955
271070
271182
271316
271438
271556
271691
271809
271942
272046
272184
272296
272414
272543
272658
272790
272924
273052
273159
273286
273407
273527
273650
273772
273905
274036
274161
274295
274429
274539
274664
274770
274891
275018
275150
275284
275410
275525
275646
275772
275910
276034
276147
276249
276359
276463
276584
276684
276814
276943
277063
277197
277323
277436
277558
277689
277819
277938
278077
278178
278315
278437
278580
278703
278812
278936
279033
279144
279262
279373
279508
279658
279782
279915
280014
280126
280238
280348
280463
280581
280709
280819
280931
281050
281162
281288
281412
281544
281680
281802
281925
282042
282179
282299
282418
282545
282671
282785
282920
283060
283167
283286
283397
283520
283639
283781
283878
283993
284113
284234
284353
284486
284622
284733
284862
284984
285139
285273
285387
285503
285623
285733
285879
286012
286141
286254
286375
286500
286625
286735
286844
286948
287088
287217
287342
287465
287593
287730
287861
287984
288108
288232
288346
288489
288620
288742
288861
288995
289107
289233
289346
289464
289568
289691
289815
289938
290068
290209
290310
290428
290559
290675
290793
290910
291040
291172
291283
291415
291524
291657
291774
291904
292018
292149
292260
292381
292514
292641
292777
292902
293033
293158
293294
293424
293539
293672
293773
293890
294016
294156
294257
294389
294502
294645
294753
294857
294975
295111
295250
295388
295500
295628
295740
295881
296017
296140
296266
296383
296512
296624
296739
296860
296978
297106
297237
297353
297453
297578
297707
297819
297945
298078
298217
298333
298453
298575
298705
298804
298920
299030
299158
299293
299428
299555
299682
299787
299916
300036
300140
300278
300398
300532
300655
300776
300879
300992
301124
301273
301376
301508
301635
301739
301834
301961
302070
302189
302304
302427
302559
302677
302793
302899
303018
303136
303269
303388
303516
303656
303792
303941
304045
304175
304308
304446
304563
304681
304804
304905
305005
305112
305237
305358
305490
305614
305726
305843
305957
306092
306215
306345
306461
306583
306706
306820
306951
307061
307177
307294
307390
307524
307644
307785
307926
308043
308176
308304
308432
308568
308697
308803
308919
309051
309193
309302
309435
309555
309678
309801
309913
310058
310181
310310
310435
310565
310704
310813
310936
311065
311189
311324
311438
311564
311682
311806
311912
312043
312199
312319
312441
312542
312661
312773
312879
312996
313121
313247
313354
313471
313601
313724
313852
313966
314076
314187
314305
314436
314569
314699
314834
314958
315071
315194
315323
315455
315573
315716
315823
315971
316079
316210
316338
316479
316590
316704
316802
316905
317046
317159
317295
317419
317554
317678
317804
317917
318058
318193
318312
318470
318588
318716
318859
318972
319090
319209
319328
319465
319613
319769
319886
320001
320112
320220
320345
320469
320590
320713
320844
320951
321078
321218
321344
321453
321573
321703
321836
321967
322104
322222
322354
322492
322586
322697
322823
322946
323058
323186
323310
323412
323533
323651
323774
323907
324014
324172
324305
324417
324557
324683
324792
324908
325041
325151
325249
325366
325484
325602
325733
325859
325971
326081
326212
326349
326484
326633
326750
326888
327006
327133
327245
327395
327520
327651
327794
327911
328036
328145
328273
328398
328549
328649
328768
328879
328998
329124
329241
329344
329476
329582
329716
329821
329923
330032
330158
330282
330385
330508
330644
330781
330910
331037
331166
331280
331390
331505
331632
331768
331895
332028
332133
332256
332376
332501
332632
332756
332869
332996
333116
333245
333392
333480
333608
333735
333843
333987
334136
334249
334359
334477
334602
334732
334850
334968
335084
335214
335324
335445
335583
335700
335821
335948
336078
336204
336336
336460
336578
336716
336859
336982
337111
337243
337365
337509
337631
337759
337879
337982
338101
338219
338340
338476
338594
338698
338815
338945
339065
339176
339311
339423
339541
339662
339772
339881
339994
340092
340206
340322
340435
340572
340704
340814
340955
341099
341211
341335
341461
341572
341674
341818
341941
342066
342161
342285
342397
342507
342645
342774
342902
343042
343189
343326
343463
343601
343737
343861
344000
344121
344242
344352
344472
344599
344724
344833
344955
345071
345197
345328
345439
345582
345717
345835
345954
346073
346170
346306
346418
346535
346659
346778
346902
347029
347156
347279
347417
347560
347703
347828
347945
348053
348178
348304
348417
348543
348667
348808
348931
349042
349163
349278
349415
349540
349666
349775
349882
349989
350115
350235
350336
350440
350561
350689
350812
350950
351090
351200
351338
351472
351586
351690
351802
351924
352064
352186
352322
352447
352558
352678
352797
352915
353051
353176
353279
353422
353548
353665
353783
353892
354015
354112
354243
354367
354498
354622
354752
354897
355006
355134
355250
355381
355501
355626
355766
355892
356001
356134
356252
356387
356502
356617
356735
356849
356961
357071
357218
357338
357469
357588
357712
357821
357965
358089
358217
358324
358438
358562
358686
358815
358932
359051
359179
359312
359432
359560
359666
359783
359923
360042
360159
360287
360409
360520
360613
360722
360843
360964
361083
361201
361336
361454
361564
361690
361801
361926
362051
362177
362288
362403
362512
362622
362754
362873
362990
363113
363227
363358
363488
363608
363732
363847
363965
364089
364210
364328
364440
364568
364712
364831
364944
365069
365197
365309
365412
365530
365633
365768
365904
366022
366156
366294
366410
366533
366637
366773
366910
367039
367186
367301
367429
367566
367705
367830
367950
368070
368192
368332
368456
368586
368692
368812
368938
369069
369198
369324
369430
369534
369649
369761
369875
369985
370110
370234
370362
370496
370623
370753
370876
371001
371112
371236
371369
371486
371597
371705
371818
371944
372082
372204
372303
372419
372543
372666
372806
372934
373064
373186
373313
373429
373554
373677
373797
373916
374046
374176
374291
374422
374544
374649
374761
374898
375027
375163
375297
375409
375523
375658
375773
375901
376044
376179
376290
376415
376546
376655
376785
376911
377036
377154
377294
377407
377532
377647
377789
377902
378028
378151
378282
378413
378539
378652
378782
378883
379020
379132
379246
379362
379482
379607
379712
379839
379974
380090
380227
380340
380453
380582
380719
380830
380959
381093
381224
381354
381474
381606
381735
381846
381978
382116
382236
382363
382470
382604
382743
382884
383001
383120
383253
383366
383479
383590
383710
383821
383949
384067
384196
384290
384398
384520
384631
384765
384883
385011
385140
385257
385378
385517
385622
385734
385859
385973
386088
386199
386315
386444
386559
386681
386788
386905
387027
387149
387266
387418
387540
387668
387796
387924
388061
388194
388310
388442
388574
388697
388837
388981
389095
389208
389334
389448
389574
389701
389810
389928
390021
390153
390286
390413
390520
390639
390757
390897
391012
391118
391236
391377
391494
391634
391758
391872
392000
392121
392237
392348
392465
392575
392685
392822
392947
393055
393168
393305
393420
393557
393679
393812
393928
394056
394168
394302
394429
394556
394668
394798
394912
395038
395175
395286
395443
395566
395689
395805
395933
396063
396179
396303
396426
396544
396686
396799
396915
397048
397171
397299
397418
397538
397661
397794
397912
398046
398167
398294
398409
398524
398647
398765
398908
399032
399150
399259
399385
399496
399613
399733
399859
399990
400134
400244
400373
400501
400613
400729
400862
400974
401091
401208
401344
401475
401596
401728
401863
402000
402127
402251
402366
402488
402600
402727
402873
402974
403102
403233
403350
403487
403614
403737
403855
403980
404093
404203
404347
404468
404607
404731
404851
404966
405096
405203
405323
405440
405562
405688
405813
405937
406060
406174
406298
406403
406535
406639
406768
406869
406996
407132
407261
407383
407498
407613
407731
407848
407968
408068
408204
408320
408461
408576
408687
408820
408936
409092
409207
409332
409436
409574
409679
409784
409907
410026
410134
410254
410374
410499
410637
410749
410876
410977
411091
411210
411326
411450
411589
411697
411813
411943
412060
412192
412327
412437
412558
412681
412821
412950
413071
413203
413325
413450
413583
413719
413849
413961
414075
414186
414311
414437
414547
414668
414804
414910
415041
415172
415300
415433
415534
415663
415783
415918
416028
416137
416276
416389
416522
416650
416764
416880
417013
417126
417252
417384
417523
417658
417796
417906
418024
418128
418229
418348
418482
418601
418709
418833
418961
419100
419223
419356
419478
419587
419711
419835
419938
420057
420173
420312
420423
420543
420661
420792
420905
421024
421137
421248
421355
421501
421614
421723
421846
421966
422096
422226
422374
422495
422626
422761
422876
423015
423146
423269
423409
423529
423663
423801
423923
424035
424142
424262
424385
424511
424626
424743
424856
424963
425092
425226
425341
425471
425598
425727
425837
425953
426062
426180
426319
426449
426561
426704
426827
426942
427057
427186
427310
427415
427539
427665
427804
427933
428063
428173
428273
428405
428530
428653
428785
428893
429017
429128
429244
429367
429506
429616
429722
429846
429970
430115
430242
430365
430490
430591
430737
430862
430980
431110
431211
431339
431479
431596
431724
431843
431962
432097
432229
432354
432484
432633
432750
432873
432986
433102
433231
433341
433459
433562
433696
433816
433933
434066
434179
434311
434432
434542
434662
434777
434896
435024
435143
435243
435363
435486
435590
435709
435818
435930
436056
436185
436315
436442
436553
436695
436815
436938
437061
437188
437302
437432
437566
437672
437786
437911
438037
438143
438281
438385
438504
438632
438739
438851
438974
439092
439223
439348
439483
439596
439714
439861
439975
440101
440211
440335
440454
440597
440735
440855
440978
441102
441230
441343
441458
441584
441705
441820
441919
442036
442165
442281
442405
442523
442651
442763
442895
443003
443150
443301
443424
443533
443650
443758
443897
444027
444145
444279
444397
444512
444635
444751
444890
445014
445126
445249
445357
445477
445608
445738
445851
445985
446097
446216
446337
446472
446591
446702
446834
446960
447092
447202
447310
447440
447557
447671
447812
447930
448043
448167
448293
448404
448517
448641
448758
448879
449001
449111
449219
449344
449466
449599
449728
449839
449961
450084
450208
450336
450474
450590
450710
450843
450987
451128
451268
451389
451510
451656
451776
451897
452003
452106
452217
452341
452465
452581
452698
452826
452945
453070
453213
453326
453462
453581
453707
453825
453937
454058
454176
454286
454409
454532
454665
454793
454915
455054
455154
455261
455403
455523
455651
455780
455906
456032
456140
456256
456357
456468
456593
456711
456816
456924
457041
457172
457260
457389
457507
457622
457732
457854
457978
458079
458204
458311
458424
458563
458686
458813
458937
459061
459192
459322
459438
459568
459666
459783
459905
460034
460151
460272
460395
460515
460638
460781
460919
461036
461169
461304
461413
461551
461680
461808
461926
462061
462177
462305
462429
462546
462667
462794
462915
463021
463149
463293
463409
463523
463639
463761
463880
463985
464105
464243
464346
464476
464606
464730
464865
464992
465128
465249
465381
465497
465621
465748
465856
465974
466092
466217
466340
466461
466583
466718
466842
466962
467095
467207
467323
467436
467571
467726
467853
467979
468095
468215
468326
468460
468578
468702
468836
468940
469058
469178
469308
469445
469569
469681
469809
469926
470049
470164
470293
470415
470548
470681
470787
470892
471028
471132
471256
471400
471533
471664
471805
471941
472063
472193
472326
472444
472578
472701
472827
472958
473103
473214
473355
473495
473625
473745
473877
473995
474139
474273
474391
474525
474630
474743
474869
474978
475100
475243
475343
475474
475586
475738
475852
475999
476109
476223
476348
476482
476592
476712
476823
476925
477039
477156
477287
477401
477519
477652
477798
477915
478037
478172
478295
478422
478541
478661
478776
478894
479030
479159
479292
479429
479552
479684
479814
479933
480042
480153
480267
480401
480518
480627
480747
480874
481022
481154
481265
481390
481515
481628
481759
481883
481992
482112
482233
482362
482466
482596
482715
482835
482945
483067
483182
483299
483414
483533
483658
483772
483894
484038
484164
484285
484416
484525
484655
484765
484891
485028
485146
485271
485413
485542
485658
485777
485901
486023
486154
486259
486391
486501
486625
486732
486858
486966
487106
487228
487344
487466
487575
487695
487802
487925
488049
488149
488273
488403
488513
488614
488740
488863
488987
489104
489223
489341
489467
489586
489732
489861
489976
490112
490243
490342
490484
490609
490746
490866
490994
491132
491265
491392
491517
491620
491744
491885
492022
492149
492271
492413
492535
492647
492780
492899
493008
493131
493245
493365
493486
493590
493707
493829
493954
494080
494203
494333
494443
494537
494655
494756
494897
495012
495149
495267
495367
495501
495635
495764
495895
496011
496159
496286
496401
496502
496609
496749
496860
496971
497095
497223
497360
497488
497602
497740
497867
497994
498139
498279
498416
498557
498688
498791
498904
499019
499136
499265
499384
499506
499620
499756
499877
499988
500115
500255
500377
500504
500644
500761
500896
501022
501131
501253
501372
501472
501576
501702
501815
501934
502057
502180
502307
502423
502562
502704
502829
502971
503108
503233
503363
503490
503601
503717
503835
503959
504070
504183
504312
504441
504575
504720
504842
504963
505094
505201
505340
505478
505589
505718
505827
505964
506081
506225
506357
506476
506585
506719
506852
506976
507110
507251
507362
507488
507616
507737
507859
507975
508083
508201
508319
508430
508560
508684
508802
508915
509018
509130
509245
509372
509489
509611
509737
509863
509979
510097
510244
510364
510509
510637
510765
510894
511016
511129
511267
511368
511493
511605
511724
511848
511966
512085
512222
512324
512444
512593
512740
512867
512985
513116
513235
513362
513477
513593
513714
513841
513967
514088
514224
514357
514481
514606
514715
514825
514952
515072
515187
515310
515448
515570
515677
515800
515917
516052
516182
516323
516458
516568
516695
516802
516921
517029
517184
517293
517409
517519
517640
517751
517876
517996
518088
518220
518333
518454
518565
518666
518775
518883
518985
519113
519224
519370
519487
519606
519714
519818
519924
520070
520198
520329
520453
520572
520683
520788
520907
521021
521166
521284
521401
521519
521661
521807
521924
522040
522152
522280
522407
522522
522649
522781
522885
522989
523111
523215
523360
523479
523590
523712
523824
523943
524061
524198
524323
524453
524582
524700
524828
524952
525080
525218
525360
525481
525589
525710
525816
525932
526048
526169
526286
526400
526545
526654
526769
526903
527027
527144
527267
527399
527506
527632
527760
527886
528015
528122
528245
528384
528497
528610
528731
528858
528981
529095
529215
529327
529441
529569
529678
529818
529959
530110
530229
530341
530463
530577
530704
530831
530952
531087
531232
531369
531493
531606
531723
531837
531959
532082
532222
532340
532450
532584
532705
532824
532943
533067
533189
533312
533431
533560
533697
533821
533937
534077
534198
534332
534464
534581
534706
534827
534949
535082
535201
535323
535465
535586
535702
535831
535955
536079
536195
536317
536438
536550
536674
536812
536942
537078
537213
537339
537462
537590
537732
537874
537971
538105
538230
538353
538464
538609
538722
538851
538966
539087
539205
539335
539455
539569
539674
539800
539906
540044
540179
540298
540420
540549
540699
540835
540951
541091
541207
541327
541457
541587
541719
541858
541975
542108
542234
542371
542490
542633
542749
542870
542992
543108
543232
543337
543455
543570
543695
543829
543942
544042
544147
544284
544407
544539
544653
544770
544925
545048
545171
545326
545449
545570
545724
545845
545975
546102
546210
546338
546444
546550
546696
546832
546930
547056
547155
547289
547382
547516
547626
547742
547859
547980
548102
548220
548350
548465
548571
548713
548845
548968
549079
549190
549309
549436
549551
549671
549798
549911
550034
550154
550275
550390
550497
550613
550714
550848
550982
551113
551234
551358
551496
551640
551770
551875
552000
552120
552250
552378
552503
552626
552754
552860
552981
553094
553204
553310
553444
553565
553695
553805
553936
554048
554178
554286
554412
554544
554674
554800
554923
555056
555155
555264
555389
555502
555605
555738
555831
555925
556053
556160
556263
556371
556511
556633
556768
556887
557002
557136
557246
557376
557492
557620
557731
557839
557966
558098
558224
558340
558469
558589
558726
558851
558974
559085
559215
559346
559467
559590
559735
559841
559968
560096
560215
560327
560464
560601
560722
560851
560975
561101
561222
561342
561493
561635
561760
561881
561997
562124
562251
562377
562518
562641
562771
562901
563023
563135
563262
563389
563505
563628
563768
563883
564007
564134
564265
564385
564503
564631
564769
564908
565011
565135
565242
565364
565492
565623
565741
565861
565983
566109
566250
566367
566474
566610
566735
566832
566958
567069
567174
567295
567409
567539
567654
567779
567903
568031
568163
568278
568394
568539
568672
568796
568914
569041
569182
569326
569472
569575
569701
569797
569915
570055
570180
570292
570408
570529
570648
570777
570886
571019
571160
571296
571414
571564
571697
571803
571929
572054
572176
572299
572442
572560
572680
572819
572928
573063
573201
573324
573437
573554
573689
573801
573924
574042
574194
574320
574456
574558
574691
574828
574944
575059
575165
575305
575425
575544
575669
575777
575910
576036
576172
576289
576412
576549
576680
576797
576907
577031
577148
577267
577384
577513
577627
577741
577871
577986
578098
578223
578344
578451
578557
578662
578789
578905
579039
579157
579255
579375
579486
579612
579718
579829
579945
580051
580173
580307
580435
580552
580690
580819
580943
581073
581184
581324
581450
581556
581670
581791
581908
582034
582155
582275
582401
582503
582625
582738
582870
583012
583136
583237
583355
583507
583633
583760
583886
584002
584136
584241
584389
584487
584604
584729
584863
584979
585077
585218
585355
585493
585619
585731
585855
585986
586109
586213
586337
586464
586579
586684
586807
586926
587031
587171
587269
587417
587551
587664
587767
587886
588003
588129
588260
588383
588513
588610
588720
588860
588994
589112
589234
589320
589446
589567
589692
589809
589939
590061
590180
590296
590413
590547
590673
590783
590911
591044
591174
591312
591436
591563
591694
591807
591923
592048
592162
592290
592415
592546
592674
592808
592920
593051
593177
593294
593423
593536
593678
593787
593925
594067
594191
594326
594465
594599
594733
594873
594997
595101
595248
595373
595492
595601
595719
595855
595996
596125
596249
596353
596467
596603
596718
596825
596947
597068
597177
597309
597432
597562
597702
597835
597960
598085
598205
598336
598446
598557
598693
598800
598936
599058
599173
599339
599442
599554
599663
599773
599894
600009
600131
600242
600385
600497
600628
600748
600866
600986
601100
601234
601356
601463
601574
601701
601822
601935
602067
602175
602307
602448
602576
602705
602838
602988
603123
603247
603369
603499
603614
603748
603866
603995
604132
604263
604382
604512
604657
604781
604884
605007
605135
605269
605373
605499
605630
605744
605861
605992
606130
606245
606350
606439
606556
606703
606859
606967
607094
607205
607318
607426
607543
607669
607773
607884
608005
608111
608231
608342
608456
608565
608683
608808
608942
609064
609179
609301
609415
609557
609672
609788
609893
610000
610157
610281
610393
610498
610606
610734
610866
610978
611100
611213
611333
611469
611613
611753
611862
611992
612111
612241
612364
612488
612623
612742
612852
612953
613065
613199
613328
613464
613595
613728
613847
613969
614107
614215
614341
614452
614561
614683
614814
614925
615042
615174
615310
615429
615558
615681
615815
615931
616051
616172
616274
616408
616513
616646
616790
616896
617030
617154
617276
617403
617515
617631
617758
617870
617976
618095
618186
618322
618458
618567
618689
618792
618913
619045
619160
619294
619417
619508
619630
619762
619867
620000
620119
620231
620355
620468
620592
620695
620814
620950
621084
621220
621337
621483
621615
621736
621857
621983
622110
622239
622373
622508
622636
622767
622886
623030
623144
623257
623384
623497
623620
623737
623870
623973
624102
624216
624322
624451
624564
624673
624815
624925
625050
625165
625292
625417
625548
625681
625787
625905
626022
626127
626258
626371
626487
626630
626758
626867
626984
627117
627238
627348
627463
627575
627712
627818
627915
628028
628147
628264
628369
628501
628607
628740
628866
628977
629105
629224
629350
629475
629593
629707
629837
629971
630098
630226
630369
630489
630605
630721
630848
630979
631095
631233
631367
631465
631598
631727
631838
631953
632084
632199
632331
632451
632567
632689
632820
632951
633057
633172
633292
633426
633545
633681
633819
633948
634067
634180
634314
634442
634575
634699
634811
634936
635063
635183
635312
635452
635571
635698
635831
635968
636087
636190
636330
636439
636557
636685
636807
636928
637060
637172
637291
637405
637536
637664
637792
637929
638041
638150
638269
638388
638499
638617
638736
638856
638979
639097
639210
639327
639445
639565
639715
639832
639961
640077
640208
640329
640451
640573
640696
640821
640933
641039
641158
641273
641393
641527
641650
641771
641886
642013
642133
642255
642372
642464
642580
642700
642814
642937
643078
643201
643322
643445
643564
643674
643793
643922
644048
644168
644282
644402
644517
644614
644716
644840
644966
645091
645215
645342
645488
645614
645721
645837
645980
646105
646213
646335
646463
646575
646701
646820
646938
647051
647181
647300
647407
647537
647643
647759
647895
648030
648147
648297
648427
648535
648675
648800
648921
649025
649162
649286
649419
649545
649666
649778
649903
650017
650144
650268
650391
650516
650641
650737
650862
650989
651116
651215
651332
651462
651586
651707
651820
651943
652074
652195
652320
652457
652571
652701
652805
652927
653055
653184
653319
653439
653560
653662
653782
653880
654008
654105
654215
654354
654479
654603
654718
654830
654949
655064
655186
655306
655447
655552
655668
655809
655944
656069
656200
656325
656438
656570
656697
656811
656931
657057
657172
657292
657432
657561
657675
657795
657932
658051
658180
658319
658437
658556
658671
658796
658915
659056
659174
659307
659444
659549
659676
659813
659950
660070
660190
660315
660426
660544
660675
660802
660929
661055
661190
661328
661448
661577
661711
661829
661939
662070
662180
662318
662433
662570
662706
662829
662955
663065
663186
663300
663416
663540
663661
663799
663929
664046
664161
664281
664399
664499
664627
664760
664878
664994
665117
665231
665358
665471
665612
665740
665872
666000
666119
666220
666357
666486
666605
666724
666833
666948
667057
667188
667314
667426
667531
667669
667790
667903
668035
668149
668267
668398
668510
668639
668767
668905
669023
669137
669254
669362
669470
669597
669702
669838
669948
670086
670189
670311
670418
670529
670649
670779
670900
671029
671141
671276
671398
671534
671663
671789
671898
672010
672127
672269
672403
672514
672649
672787
672900
673024
673134
673258
673384
673503
673632
673731
673849
673982
674108
674233
674370
674496
674619
674732
674838
674968
675071
675185
675327
675443
675567
675687
675818
675934
676044
676156
676274
676405
676530
676660
676783
676919
677062
677175
677294
677407
677516
677636
677753
677858
677985
678098
678224
678339
678443
678584
678702
678836
678946
679096
679237
679352
679492
679632
679758
679874
679997
680110
680237
680357
680478
680595
680716
680845
680961
681100
681257
681382
681503
681609
681722
681844
681973
682101
682217
682346
682471
682589
682714
682825
682957
683083
683222
683341
683478
683611
683727
683847
683964
684077
684226
684347
684468
684595
684726
684853
684988
685106
685222
685336
685456
685577
685692
685803
685931
686056
686163
686276
686392
686510
686644
686758
686879
687020
687127
687238
687396
687546
687657
687782
687893
688014
688150
688269
688373
688487
688610
688739
688874
688994
689121
689244
689363
689495
689630
689734
689858
689979
690083
690221
690362
690492
690611
690748
690864
690977
691113
691221
691330
691469
691601
691714
691867
691977
692095
692218
692337
692456
692581
692705
692822
692944
693075
693184
693306
693432
693552
693657
693773
693907
694044
694141
694267
694417
694544
694657
694776
694896
695024
695144
695267
695399
695527
695644
695758
695877
696012
696126
696240
696365
696469
696592
696727
696836
696953
697080
697211
697338
697464
697592
697725
697856
697984
698092
698226
698357
698482
698615
698733
698857
698991
699091
699234
699358
699493
699607
699716
699847
699965
700072
700196
700294
700444
700553
700668
700787
700919
701040
701162
701283
701401
701510
701637
701775
701894
702006
702136
702271
702387
702517
702652
702773
702905
703025
703153
703296
703420
703553
703671
703801
703913
704032
704161
704289
704419
704555
704665
704807
704919
705052
705168
705298
705437
705574
705700
705810
705922
706042
706152
706274
706411
706546
706659
706780
706892
707008
707125
707240
707365
707479
707600
707723
707844
707975
708102
708224
708349
708467
708587
708705
708838
708948
709077
709192
709324
709447
709551
709683
709806
709927
710038
710164
710280
710390
710507
710648
710791
710916
711047
711155
711287
711412
711541
711656
711767
711893
712026
712138
712257
712387
712502
712620
712735
712845
712964
713084
713220
713351
713456
713594
713715
713839
713957
714098
714220
714344
714447
714578
714702
714820
714947
715078
715226
715358
715474
715602
715712
715838
715959
716082
716208
716335
716449
716579
716699
716828
716938
717078
717210
717336
717436
717563
717679
717805
717931
718052
718187
718311
718432
718551
718678
718799
718924
719034
719167
719268
719393
719498
719627
719741
719865
720006
720144
720284
720405
720517
720618
720746
720885
721012
721110
721215
721337
721451
721567
721693
721809
721924
722053
722160
722289
722427
722552
722678
722791
722921
723043
723172
723304
723406
723530
723641
723767
723897
723999
724135
724278
724397
724535
724680
724799
724897
725033
725152
725286
725384
725520
725650
725766
725885
726024
726140
726266
726393
726520
726659
726778
726902
727022
727157
727283
727418
727566
727689
727824
727948
728075
728181
728300
728427
728550
728653
728767
728881
729006
729127
729259
729389
729503
729619
729759
729875
730020
730124
730241
730370
730502
730618
730755
730864
730974
731103
731236
731352
731480
731590
731708
731846
731979
732115
732223
732338
732481
732604
732736
732852
732966
733101
733222
733339
733463
733583
733703
733820
733939
734054
734168
734290
734430
734574
734687
734800
734920
735044
735178
735305
735401
735515
735639
735753
735883
735998
736108
736236
736370
736490
736606
736731
736842
736953
737066
737174
737312
737418
737547
737689
737811
737916
738043
738147
738252
738373
738499
738605
738721
738841
738954
739077
739205
739332
739475
739623
739735
739877
739987
740110
740215
740333
740444
740582
740705
740824
740923
741043
741180
741295
741434
741556
741684
741803
741922
742044
742162
742288
742411
742527
742648
742792
742921
743057
743195
743319
743454
743587
743714
743836
743967
744099
744215
744358
744457
744578
744710
744822
744944
745056
745188
745304
745421
745553
745663
745798
745925
746057
746186
746314
746448
746558
746682
746802
746920
747028
747160
747273
747377
747475
747589
747686
747803
747939
748088
748199
748336
748447
748560
748695
748828
748958
749086
749212
749343
749472
749607
749719
749835
749961
750084
750196
750320
750430
750546
750683
750806
750935
751039
751173
751302
751406
751524
751654
751775
751904
752020
752140
752275
752395
752510
752646
752800
752918
753024
753120
753244
753362
753496
753633
753773
753902
754029
754159
754285
754438
754567
754681
754818
754933
755073
755189
755322
755450
755556
755677
755792
755916
756025
756169
756292
756410
756554
756662
756780
756903
757026
757156
757274
757409
757517
757639
757757
757888
758014
758149
758274
758395
758514
758623
758749
758881
759000
759129
759253
759380
759488
759606
759704
759833
759938
760077
760203
760317
760434
760542
760669
760795
760924
761040
761164
761300
761419
761530
761652
761777
761877
761989
762125
762249
762383
762510
762637
762753
762874
762997
763116
763224
763332
763457
763577
763689
763795
763888
763986
764107
764227
764357
764470
764575
764705
764839
764961
765091
765228
765374
765494
765604
765734
765859
765972
766102
766224
766356
766467
766605
766722
766861
766984
767106
767236
767340
767473
767593
767702
767823
767954
768083
768205
768345
768470
768588
768705
768839
768966
769066
769183
769304
769444
769579
769710
769828
769960
770087
770208
770316
770443
770578
770680
770808
770933
771062
771185
771318
771414
771540
771675
771775
771866
771988
772109
772250
772383
772513
772644
772781
772899
773026
773153
773275
773400
773516
773627
773776
773900
774038
774151
774258
774362
774493
774621
774756
774877
774984
775094
775205
775326
775448
775555
775685
775809
775925
776044
776167
776271
776386
776499
776612
776734
776853
776973
777101
777223
777351
777457
777595
777714
777833
777942
778057
778198
778320
778436
778564
778692
778812
778937
779045
779167
779287
779393
779498
779630
779772
779894
779998
780123
780243
780379
780501
780609
780740
780875
780992
781123
781243
781358
781495
781609
781736
781863
781994
782121
782243
782369
782467
782590
782707
782833
782960
783080
783195
783303
783431
783569
783720
783836
783968
784099
784227
784339
784448
784579
784703
784834
784948
785062
785185
785309
785440
785562
785689
785799
785922
786040
786161
786262
786376
786518
786659
786803
786928
787044
787153
787280
787427
787547
787665
787795
787934
788062
788195
788342
788466
788606
788728
788853
788989
789117
789239
789352
789478
789602
789722
789837
789959
790078
790191
790302
790415
790537
790656
790793
790924
791060
791202
791324
791446
791555
791696
791828
791947
792090
792192
792312
792427
792553
792684
792808
792924
793055
793179
793292
793392
793499
793624
793764
793875
794015
794128
794256
794362
794463
794571
794694
794817
794932
795049
795182
795305
795431
795555
795695
795822
795923
796026
796154
796281
796405
796534
796655
796775
796889
797004
797130
797258
797379
797491
797605
797748
797903
798024
798142
798248
798372
798486
798623
798752
798873
798989
799097
799239
799363
799520
799644
799755
799887
800025
800134
800252
800372
800505
800622
800741
800846
800965
801069
801197
801323
801438
801567
801702
801822
801964
802099
802215
802339
802465
802579
802691
802809
802915
803041
803147
803270
803382
803510
803643
803786
803905
804047
804193
804311
804437
804567
804690
804831
804952
805069
805194
805316
805452
805562
805669
805794
805895
806010
806120
806259
806371
806520
806641
806775
806898
807012
807141
807265
807376
807495
807612
807738
807851
807967
808083
808192
808336
808457
808576
808690
808818
808934
809045
809172
809282
809390
809526
809638
809764
809894
810001
810137
810270
810402
810543
810668
810788
810901
811014
811129
811265
811397
811528
811655
811778
811898
812024
812144
812273
812407
812515
812632
812752
812857
812972
813091
813198
813343
813468
813597
813721
813844
813986
814105
814232
814369
814466
814577
814698
814816
814930
815059
815174
815298
815418
815546
815661
815785
815916
816060
816193
816314
816432
816542
816673
816800
816922
817030
817155
817262
817391
817509
817649
817777
817896
818005
818134
818251
818360
818491
818599
818718
818838
818973
819112
819227
819352
819481
819615
819723
819823
819968
820101
820222
820347
820464
820586
820707
820816
820966
821082
821199
821324
821447
821568
821696
821824
821941
822067
822199
822307
822443
822575
822687
822806
822937
823046
823166
823305
823414
823557
823667
823800
823934
824073
824191
824310
824424
824540
824662
824783
824905
825032
825166
825279
825403
825510
825642
825766
825885
826011
826140
826258
826372
826493
826623
826741
826861
826989
827131
827256
827365
827464
827587
827698
827828
827935
828048
828153
828287
828422
828550
828664
828803
828934
829065
829196
829334
829441
829571
829676
829802
829936
830062
830206
830326
830468
830578
830681
830814
830935
831067
831190
831313
831435
831561
831683
831805
831946
832075
832208
832330
832452
832581
832699
832818
832937
833068
833184
833302
833425
833571
833691
833811
833927
834038
834168
834311
834427
834538
834674
834806
834929
835034
835176
835292
835417
835546
835671
835816
835927
836058
836182
836315
836479
836588
836719
836826
836961
837092
837204
837340
837466
837574
837700
837838
837959
838082
838199
838308
838415
838533
838668
838796
838916
839047
839185
839310
839431
839545
839648
839760
839873
839999
840130
840252
840359
840498
840639
840761
840877
840987
841104
841253
841365
841476
841578
841709
841845
841955
842071
842197
842318
842428
842542
842655
842773
842898
843016
843147
843266
843383
843491
843604
843738
843851
843953
844087
844208
844344
844479
844614
844754
844870
844984
845109
845219
845336
845459
845579
845709
845818
845922
846049
846172
846290
846404
846545
846661
846766
846870
847005
847132
847265
847384
847512
847642
847771
847899
848030
848160
848298
848429
848560
848694
848801
848934
849057
849175
849313
849444
849566
849701
849832
849965
850086
850208
850326
850467
850607
850736
850852
850988
851129
851262
851390
851507
851646
851774
851898
852011
852131
852259
852386
852528
852653
852769
852884
853012
853140
853251
853374
853504
853630
853756
853857
853992
854118
854235
854356
854482
854602
854725
854842
854960
855089
855223
855350
855460
855595
855715
855839
855964
856086
856209
856321
856441
856592
856748
856884
857006
857139
857277
857384
857506
857642
857751
857880
857997
858130
858237
858369
858481
858603
858736
858866
859000
859138
859253
859382
859510
859638
859765
859885
860012
860124
860254
860382
860494
860609
860757
860872
860995
861120
861275
861391
861501
861641
861758
861872
861988
862098
862217
862328
862448
862566
862686
862810
862932
863059
863182
863301
863429
863565
863687
863816
863935
864059
864174
864291
864429
864555
864678
864798
864933
865064
865178
865289
865415
865536
865646
865777
865887
865996
866122
866230
866365
866511
866626
866761
866889
867038
867141
867248
867366
867482
867620
867756
867875
868007
868130
868235
868354
868487
868596
868745
868859
868985
869107
869227
869345
869474
869591
869731
869850
869968
870106
870221
870363
870488
870623
870742
870872
870989
871108
871239
871347
871461
871576
871688
871803
871931
872061
872189
872327
872450
872562
872690
872817
872962
873095
873210
873318
873451
873569
873693
873802
873926
874049
874170
874284
874407
874513
874641
874772
874883
875008
875132
875265
875377
875499
875610
875736
875866
875996
876124
876253
876381
876502
876621
876753
876888
877017
877126
877248
877380
877500
877634
877747
877908
878027
878163
878299
878428
878549
878664
878795
878909
879031
879156
879263
879375
879499
879633
879765
879894
880039
880159
880279
880389
880525
880635
880770
880917
881040
881158
881272
881405
881534
881660
881799
881949
882093
882209
882325
882454
882566
882687
882818
882946
883070
883227
883358
883487
883620
883750
883869
883993
884114
884243
884353
884464
884586
884711
884836
884967
885080
885212
885338
885464
885583
885701
885820
885929
886048
886173
886290
886409
886519
886634
886744
886878
886998
887134
887298
887406
887512
887635
887765
887904
888024
888142
888273
888372
888496
888598
888732
888863
888984
889102
889229
889347
889486
889621
889748
889863
889997
890123
890248
890378
890507
890639
890752
890869
890992
891111
891242
891362
891487
891620
891730
891842
891965
892098
892244
892360
892481
892597
892753
892879
892994
893133
893273
893408
893526
893659
893772
893892
894012
894140
894279
894421
894527
894635
894753
894853
894965
895091
895199
895330
895441
895554
895666
895784
895907
896019
896143
896278
896409
896524
896660
896791
896920
897058
897172
897278
897393
897519
897638
897755
897862
898009
898108
898223
898348
898472
898593
898713
898835
898956
899085
899182
899297
899437
899553
899648
899789
899907
900013
900150
900271
900387
900509
900635
900746
900878
900984
901125
901244
901375
901483
901608
901727
901849
901955
902088
902216
902340
902465
902576
902714
902833
902963
903069
903190
903318
903429
903571
903690
903810
903925
904068
904208
904329
904430
904540
904647
904759
904883
904995
905127
905243
905359
905479
905588
905704
905842
905979
906119
906238
906357
906480
906602
906716
906841
906974
907094
907212
907344
907456
907573
907709
907820
907928
908056
908186
908310
908431
908560
908690
908810
908931
909062
909194
909293
909409
909521
909649
909771
909891
910022
910149
910267
910386
910514
910633
910766
910904
911028
911155
911284
911411
911534
911676
911819
911938
912056
912181
912299
912433
912543
912673
912801
912923
913036
913155
913269
913395
913523
913652
913791
913917
914035
914174
914288
914402
914518
914641
914754
914873
915009
915132
915258
915381
915494
915622
915742
915893
916012
916142
916268
916386
916527
916644
916781
916887
917028
917135
917274
917396
917534
917648
917763
917879
918006
918135
918267
918399
918522
918642
918772
918868
918981
919096
919209
919325
919446
919552
919684
919815
919924
920059
920186
920296
920435
920554
920675
920787
920916
921036
921150
921273
921390
921500
921627
921763
921885
922000
922135
922257
922371
922495
922620
922745
922888
923021
923127
923239
923363
923482
923608
923715
923825
923946
924079
924197
924327
924439
924567
924697
924816
924943
925037
925152
925270
925397
925544
925644
925770
925889
926020
926159
926284
926398
926547
926667
926793
926917
927038
927151
927278
927402
927536
927656
927786
927914
928038
928152
928273
928380
928510
928624
928743
928881
928999
929119
929255
929371
929476
929587
929707
929813
929949
930053
930195
930311
930432
930544
930670
930772
930899
931006
931136
931266
931391
931505
931609
931723
931845
931975
932092
932219
932357
932488
932596
932702
932831
932946
933057
933183
933313
933425
933549
933679
933794
933918
934044
934154
934275
934391
934517
934666
934795
934925
935045
935164
935285
935420
935542
935667
935779
935891
936011
936130
936266
936383
936493
936614
936731
936854
936998
937108
937226
937357
937510
937636
937763
937889
938014
938131
938275
938403
938522
938642
938776
938891
939018
939130
939252
939376
939483
939606
939712
939827
939960
940091
940215
940324
940458
940589
940707
940848
940948
941076
941191
941312
941437
941582
941697
941821
941941
942070
942177
942299
942416
942550
942674
942792
942911
943062
943175
943298
943422
943531
943658
943790
943909
944029
944154
944286
944391
944510
944638
944746
944865
944999
945131
945262
945373
945498
945618
945740
945852
945973
946098
946212
946338
946468
946592
946726
946851
946982
947084
947217
947350
947461
947582
947703
947838
947968
948079
948205
948309
948429
948561
948689
948815
948927
949043
949174
949313
949437
949552
949661
949781
949884
950007
950125
950253
950396
950510
950651
950770
950881
951001
951128
951243
951365
951484
951619
951727
951862
951989
952122
952233
952342
952471
952601
952729
952855
952984
953110
953216
953369
953518
953652
953760
953882
953977
954083
954207
954338
954449
954569
954694
954829
954962
955066
955190
955322
955446
955561
955669
955795
955917
956048
956173
956293
956401
956516
956639
956770
956875
956984
957107
957220
957344
957475
957598
957721
957842
957976
958098
958222
958355
958459
958579
958685
958820
958917
959035
959145
959279
959391
959510
959613
959736
959869
959982
960112
960252
960352
960473
960588
960694
960826
960951
961101
961217
961341
961460
961580
961703
961835
961963
962089
962215
962339
962458
962572
962681
962801
962899
963025
963128
963226
963354
963486
963614
963718
963832
963949
964078
964189
964307
964441
964570
964686
964805
964932
965042
965151
965250
965361
965491
965610
965718
965854
965994
966124
966257
966374
966494
966629
966763
966895
967040
967146
967261
967386
967486
967618
967738
967856
967962
968077
968172
968298
968440
968541
968651
968754
968881
968989
969111
969235
969361
969507
969628
969761
969882
970013
970133
970259
970375
970509
970624
970737
970871
970983
971111
971230
971350
971474
971605
971721
971841
971969
972098
972222
972332
972464
972583
972693
972830
972954
973078
973185
973306
973420
973520
973651
973768
973886
973999
974125
974234
974372
974493
974612
974747
974855
974982
975102
975229
975360
975474
975596
975732
975861
975994
976140
976283
976409
976554
976681
976792
976910
977027
977138
977253
977387
977491
977594
977709
977841
977980
978113
978227
978356
978488
978602
978722
978854
978974
979107
979234
979376
979489
979617
979746
979876
980013
980124
980240
980373
980489
980605
980717
980846
980992
981130
981237
981364
981486
981612
981730
981857
981978
982108
982222
982342
982467
982586
982683
982783
982893
983017
983121
983245
983371
983492
983616
983737
983839
983958
984111
984236
984343
984472
984584
984680
984819
984932
985083
985197
985321
985438
985573
985711
985832
985950
986083
986202
986327
986447
986564
986675
986795
986908
987044
987169
987280
987389
987519
987645
987770
987897
988013
988141
988259
988389
988526
988646
988775
988860
988987
989098
989239
989369
989508
989649
989768
989880
990014
990116
990251
990357
990466
990589
990711
990844
990967
991096
991206
991336
991445
991543
991667
991797
991929
992048
992174
992287
992418
992542
992668
992780
992910
993052
993164
993286
993392
993508
993629
993757
993887
994018
994131
994250
994360
994479
994601
994733
994877
995018
995147
995263
995383
995495
995592
995707
995850
995978
996116
996225
996366
996492
996612
996746
996869
996987
997109
997243
997369
997474
997595
997722
997843
997962
998087
998224
998344
998476
998582
998681
998801
998910
999024
999149
999252
999365
999495
999629
999750
999886
1000000
1000125
1000245
1000377
1000516
1000622
1000749
1000888
1001000
1001108
1001217
1001346
1001460
1001590
1001724
1001846
1001971
1002110
1002210
1002320
1002444
1002566
1002684
1002816
1002958
1003078
1003205
1003324
1003440
1003566
1003700
1003833
1003948
1004069
1004179
1004329
1004447
1004543
1004660
1004801
1004923
1005055
1005161
1005294
1005423
1005541
1005665
1005778
1005892
1006010
1006152
1006296
1006408
1006561
1006681
1006813
1006954
1007073
1007191
1007317
1007449
1007554
1007686
1007804
1007922
1008028
1008162
1008279
1008388
1008502
1008619
1008733
1008846
1008978
1009110
1009248
1009360
1009499
1009620
1009756
1009889
1010008
1010138
1010239
1010371
1010492
1010608
1010731
1010854
1010976
1011101
1011204
1011344
1011471
1011589
1011713
1011837
1011959
1012072
1012203
1012344
1012463
1012601
1012719
1012840
1012959
1013088
1013213
1013314
1013448
1013571
1013679
1013797
1013922
1014040
1014161
1014289
1014401
1014539
1014669
1014795
1014904
1015030
1015159
1015259
1015378
1015489
1015604
1015757
1015877
1016013
1016121
1016248
1016359
1016477
1016624
1016749
1016878
1017006
1017147
1017279
1017403
1017521
1017628
1017749
1017871
1017989
1018086
1018222
1018331
1018456
1018574
1018697
1018829
1018958
1019098
1019218
1019327
1019451
1019578
1019749
1019867
1019979
1020089
1020242
1020357
1020465
1020572
1020707
1020818
1020941
1021034
1021156
1021289
1021413
1021537
1021662
1021779
1021904
1022021
1022140
1022271
1022386
1022497
1022625
1022768
1022893
1023008
1023140
1023259
1023396
1023509
1023614
1023734
1023858
1023993
1024112
1024254
1024386
1024512
1024641
1024788
1024937
1025053
1025174
1025302
1025427
1025556
1025671
1025796
1025924
1026052
1026186
1026281
1026430
1026543
1026660
1026786
1026914
1027025
1027151
1027273
1027382
1027497
1027623
1027736
1027867
1028001
1028114
1028237
1028368
1028489
1028627
1028725
1028842
1028979
1029098
1029215
1029341
1029470
1029612
1029736
1029858
1029986
1030111
1030215
1030343
1030461
1030585
1030700
1030822
1030940
1031071
1031206
1031326
1031434
1031567
1031669
1031788
1031926
1032037
1032133
1032265
1032385
1032510
1032629
1032748
1032861
1032969
1033080
1033200
1033339
1033453
1033564
1033683
1033795
1033915
1034024
1034154
1034299
1034404
1034528
1034643
1034778
1034910
1035030
1035155
1035275
1035402
1035518
1035644
1035775
1035908
1036029
1036173
1036298
1036415
1036533
1036647
1036774
1036919
1037031
1037163
1037284
1037405
1037537
1037644
1037751
1037883
1037982
1038108
1038224
1038339
1038461
1038593
1038716
1038828
1038949
1039095
1039214
1039332
1039471
1039604
1039742
1039884
1040006
1040131
1040283
1040423
1040543
1040679
1040822
1040955
1041062
1041183
1041297
1041423
1041554
1041700
1041837
1041949
1042067
1042182
1042292
1042419
1042547
1042694
1042810
1042937
1043059
1043187
1043310
1043425
1043539
1043662
1043791
1043917
1044046
1044152
1044297
1044438
1044596
1044708
1044824
1044963
1045078
1045205
1045344
1045482
1045624
1045743
1045874
1046011
1046147
1046276
1046380
1046500
1046632
1046753
1046880
1046986
1047118
1047239
1047368
1047495
1047618
1047750
1047869
1047998
1048140
1048256
1048384
1048515
1048640
1048740
1048852
1048995
1049114
1049244
1049368
1049489
1049619
1049746
1049871
1049989
1050123
1050274
1050398
1050515
1050631
1050758
1050899
1051018
1051144
1051276
1051407
1051536
1051659
1051775
1051896
1052022
1052135
1052237
1052359
1052491
1052623
1052741
1052868
1052998
1053121
1053264
1053396
1053511
1053616
1053728
1053858
1053988
1054118
1054240
1054366
1054501
1054639
1054760
1054891
1055001
1055106
1055242
1055375
1055492
1055614
1055739
1055855
1055975
1056103
1056222
1056362
1056475
1056595
1056717
1056849
1056979
1057098
1057227
1057348
1057470
1057602
1057712
1057842
1057948
1058078
1058192
1058324
1058453
1058569
1058698
1058846
1058959
1059088
1059193
1059310
1059455
1059580
1059711
1059837
1059957
1060083
1060208
1060327
1060435
1060572
1060712
1060829
1060952
1061072
1061213
1061334
1061461
1061582
1061699
1061824
1061939
1062073
1062200
1062328
1062444
1062532
1062650
1062782
1062894
1063015
1063148
1063261
1063375
1063497
1063626
1063752
1063870
1064005
1064116
1064218
1064328
1064434
1064554
1064670
1064806
1064915
1065036
1065161
1065293
1065424
1065543
1065662
1065779
1065897
1066026
1066163
1066280
1066419
1066531
1066656
1066768
1066873
1066987
1067109
1067237
1067392
1067532
1067636
1067761
1067870
1067991
1068110
1068243
1068366
1068484
1068610
1068738
1068859
1068982
1069111
1069225
1069338
1069451
1069538
1069652
1069777
1069895
1070007
1070125
1070262
1070391
1070502
1070608
1070710
1070831
1070973
1071084
1071201
1071340
1071475
1071600
1071755
1071870
1071989
1072120
1072246
1072356
1072479
1072582
1072721
1072845
1072954
1073064
1073216
1073335
1073462
1073598
1073732
1073857
1073985
1074097
1074218
1074337
1074480
1074589
1074708
1074841
1074949
1075070
1075178
1075299
1075432
1075571
1075698
1075821
1075922
1076042
1076169
1076290
1076416
1076532
1076652
1076774
1076878
1077000
1077109
1077208
1077325
1077455
1077582
1077701
1077823
1077946
1078059
1078177
1078290
1078397
1078517
1078647
1078768
1078887
1079000
1079142
1079253
1079371
1079480
1079599
1079723
1079849
1079967
1080109
1080241
1080368
1080496
1080619
1080734
1080850
1080974
1081089
1081214
1081335
1081442
1081564
1081693
1081809
1081923
1082051
1082165
1082296
1082421
1082549
1082671
1082791
1082910
1083032
1083176
1083291
1083408
1083545
1083674
1083779
1083896
1084026
1084166
1084290
1084417
1084543
1084683
1084800
1084926
1085053
1085169
1085285
1085403
1085542
1085657
1085783
1085905
1086021
1086136
1086265
1086374
1086495
1086615
1086737
1086872
1086997
1087127
1087240
1087361
1087463
1087595
1087724
1087858
1087986
1088097
1088223
1088339
1088444
1088566
1088685
1088781
1088884
1089023
1089158
1089279
1089398
1089503
1089629
1089743
1089871
1090006
1090138
1090269
1090395
1090508
1090647
1090783
1090914
1091035
1091169
1091301
1091428
1091532
1091655
1091784
1091917
1092030
1092162
1092294
1092421
1092534
1092665
1092787
1092892
1093010
1093131
1093256
1093373
1093508
1093614
1093737
1093876
1093994
1094125
1094256
1094391
1094518
1094626
1094750
1094876
1095012
1095144
1095282
1095405
1095537
1095656
1095786
1095886
1096021
1096159
1096277
1096408
1096545
1096677
1096786
1096905
1097036
1097166
1097286
1097402
1097529
1097651
1097776
1097893
1098004
1098136
1098247
1098388
1098503
1098637
1098755
1098894
1099016
1099123
1099242
1099357
1099492
1099630
1099754
1099868
1099995
1100127
1100254
1100410
1100528
1100649
1100770
1100891
1101004
1101128
1101245
1101388
1101507
1101624
1101750
1101888
1102023
1102150
1102263
1102371
1102484
1102615
1102747
1102866
1103003
1103128
1103247
1103355
1103493
1103619
1103748
1103865
1103992
1104110
1104235
1104347
1104464
1104581
1104691
1104817
1104940
1105068
1105183
1105299
1105396
1105516
1105653
1105790
1105909
1106034
1106165
1106298
1106422
1106538
1106662
1106779
1106883
1106995
1107120
1107249
1107363
1107469
1107588
1107731
1107842
1107968
1108088
1108211
1108320
1108444
1108568
1108690
1108810
1108926
1109028
1109127
1109245
1109353
1109473
1109596
1109709
1109829
1109945
1110060
1110181
1110330
1110452
1110556
1110694
1110820
1110967
1111085
1111207
1111314
1111475
1111592
1111716
1111830
1111936
1112063
1112181
1112292
1112432
1112569
1112694
1112829
1112947
1113074
1113210
1113338
1113439
1113561
1113705
1113807
1113920
1114051
1114165
1114291
1114411
1114526
1114645
1114773
1114877
1115003
1115120
1115227
1115364
1115481
1115596
1115721
1115850
1115985
1116102
1116214
1116331
1116455
1116590
1116725
1116856
1116974
1117110
1117233
1117350
1117490
1117600
1117726
1117845
1117967
1118110
1118218
1118343
1118466
1118586
1118706
1118818
1118939
1119077
1119181
1119295
1119410
1119538
1119656
1119766
1119887
1120010
1120138
1120268
1120391
1120506
1120618
1120748
1120843
1120967
1121090
1121214
1121339
1121461
1121593
1121707
1121857
1121978
1122089
1122231
1122356
1122480
1122606
1122737
1122867
1123014
1123146
1123301
1123417
1123547
1123668
1123810
1123914
1124042
1124158
1124279
1124396
1124531
1124645
1124767
1124896
1125008
1125135
1125293
1125421
1125541
1125656
1125767
1125897
1126019
1126142
1126259
1126370
1126496
1126636
1126763
1126891
1127014
1127135
1127263
1127388
1127505
1127635
1127771
1127893
1128017
1128112
1128223
1128323
1128443
1128553
1128680
1128815
1128934
1129066
1129183
1129331
1129461
1129601
1129735
1129856
1129998
1130119
1130249
1130378
1130492
1130628
1130767
1130900
1131031
1131142
1131287
1131389
1131510
1131635
1131763
1131895
1132020
1132158
1132261
1132388
1132506
1132609
1132739
1132850
1132981
1133097
1133209
1133337
1133468
1133570
1133705
1133836
1133976
1134082
1134209
1134328
1134437
1134570
1134701
1134831
1134949
1135063
1135195
1135326
1135454
1135570
1135706
1135846
1135986
1136104
1136204
1136332
1136475
1136583
1136718
1136863
1136981
1137123
1137252
1137361
1137490
1137603
1137723
1137821
1137943
1138066
1138193
1138315
1138438
1138573
1138686
1138816
1138943
1139077
1139199
1139329
1139449
1139556
1139685
1139822
1139951
1140069
1140198
1140324
1140459
1140582
1140710
1140847
1140958
1141066
1141187
1141298
1141433
1141565
1141692
1141812
1141942
1142076
1142224
1142355
1142477
1142596
1142715
1142870
1142984
1143101
1143222
1143325
1143440
1143559
1143666
1143794
1143912
1144048
1144173
1144311
1144415
1144541
1144673
1144781
1144922
1145052
1145203
1145313
1145447
1145580
1145687
1145805
1145926
1146041
1146151
1146279
1146399
1146519
1146650
1146784
1146903
1147029
1147160
1147283
1147397
1147539
1147652
1147764
1147861
1147991
1148096
1148218
1148360
1148491
1148616
1148749
1148867
1149001
1149115
1149237
1149377
1149486
1149612
1149731
1149870
1150006
1150135
1150260
1150381
1150528
1150640
1150764
1150886
1151012
1151142
1151256
1151372
1151491
1151643
1151758
1151893
1152019
1152156
1152269
1152392
1152505
1152628
1152737
1152868
1153002
1153122
1153223
1153354
1153464
1153599
1153704
1153835
1153974
1154105
1154234
1154369
1154490
1154602
1154722
1154849
1154966
1155097
1155236
1155354
1155489
1155613
1155733
1155851
1155968
1156118
1156246
1156355
1156476
1156591
1156699
1156813
1156952
1157074
1157223
1157353
1157475
1157606
1157747
1157877
1158010
1158128
1158255
1158384
1158510
1158630
1158740
1158854
1158968
1159086
1159206
1159326
1159445
1159565
1159695
1159791
1159899
1160017
1160138
1160263
1160384
1160505
1160619
1160721
1160853
1160989
1161131
1161235
1161357
1161461
1161582
1161707
1161833
1161959
1162075
1162196
1162318
1162435
1162552
1162669
1162778
1162903
1163027
1163139
1163271
1163387
1163508
1163625
1163744
1163852
1163979
1164096
1164223
1164334
1164446
1164551
1164670
1164801
1164936
1165068
1165187
1165323
1165430
1165564
1165683
1165794
1165919
1166037
1166166
1166303
1166426
1166538
1166657
1166763
1166879
1167001
1167144
1167264
1167386
1167516
1167641
1167772
1167890
1168027
1168164
1168302
1168416
1168579
1168706
1168808
1168922
1169034
1169151
1169278
1169395
1169510
1169633
1169748
1169881
1169997
1170116
1170256
1170363
1170481
1170602
1170733
1170864
1170990
1171118
1171234
1171359
1171477
1171621
1171749
1171864
1171982
1172102
1172235
1172358
1172475
1172577
1172718
1172838
1172976
1173104
1173221
1173341
1173457
1173576
1173706
1173825
1173939
1174065
1174191
1174308
1174437
1174574
1174697
1174833
1174961
1175088
1175217
1175352
1175464
1175578
1175713
1175846
1175944
1176078
1176206
1176330
1176462
1176579
1176719
1176827
1176944
1177066
1177195
1177303
1177432
1177538
1177664
1177788
1177914
1178028
1178153
1178266
1178392
1178516
1178606
1178713
1178838
1178972
1179088
1179191
1179318
1179440
1179584
1179712
1179832
1179959
1180080
1180204
1180309
1180435
1180557
1180686
1180809
1180912
1181039
1181174
1181290
1181428
1181547
1181663
1181789
1181903
1182014
1182133
1182263
1182390
1182503
1182634
1182763
1182884
1182999
1183111
1183242
1183370
1183504
1183636
1183735
1183855
1183967
1184089
1184197
1184323
1184469
1184576
1184691
1184807
1184936
1185055
1185177
1185300
1185440
1185558
1185679
1185802
1185909
1186030
1186156
1186299
1186409
1186532
1186657
1186772
1186895
1187011
1187135
1187257
1187379
1187507
1187604
1187726
1187854
1187994
1188127
1188245
1188359
1188488
1188613
1188739
1188844
1188958
1189067
1189198
1189322
1189434
1189550
1189678
1189805
1189944
1190075
1190198
1190329
1190451
1190579
1190705
1190830
1190972
1191081
1191222
1191337
1191438
1191562
1191688
1191805
1191947
1192076
1192180
1192296
1192405
1192536
1192654
1192773
1192915
1193016
1193144
1193250
1193380
1193516
1193634
1193762
1193883
1194011
1194130
1194259
1194403
1194523
1194637
1194764
1194879
1195015
1195128
1195251
1195378
1195501
1195624
1195759
1195882
1196017
1196155
1196275
1196381
1196513
1196662
1196782
1196907
1197038
1197173
1197291
1197413
1197542
1197681
1197790
1197916
1198024
1198152
1198279
1198407
1198524
1198647
1198765
1198887
1199002
1199106
1199233
1199379
1199502
1199628
1199738
1199863
1199988
1200124
1200237
1200370
1200503
1200620
1200734
1200847
1200964
1201050
1201168
1201303
1201439
1201529
1201646
1201773
1201885
1202007
1202111
1202236
1202358
1202470
1202591
1202710
1202825
1202951
1203089
1203216
1203318
1203447
1203577
1203710
1203840
1203961
1204093
1204215
1204363
1204494
1204611
1204741
1204879
1204996
1205098
1205213
1205347
1205466
1205580
1205684
1205794
1205910
1206037
1206164
1206286
1206398
1206516
1206638
1206755
1206874
1206999
1207134
1207285
1207411
1207531
1207644
1207775
1207901
1208017
1208152
1208285
1208398
1208525
1208633
1208774
1208902
1209018
1209128
1209245
1209395
1209534
1209664
1209777
1209894
1210022
1210145
1210290
1210414
1210545
1210672
1210813
1210930
1211043
1211175
1211285
1211419
1211531
1211662
1211799
1211905
1212049
1212171
1212288
1212424
1212539
1212655
1212781
1212907
1213031
1213137
1213257
1213385
1213525
1213652
1213771
1213886
1214023
1214127
1214250
1214379
1214494
1214621
1214759
1214886
1215015
1215120
1215227
1215362
1215501
1215647
1215792
1215927
1216043
1216158
1216308
1216445
1216586
1216714
1216819
1216946
1217053
1217178
1217285
1217423
1217558
1217685
1217816
1217933
1218057
1218176
1218308
1218458
1218573
1218700
1218838
1218972
1219083
1219183
1219295
1219418
1219526
1219637
1219757
1219883
1220011
1220128
1220245
1220360
1220484
1220620
1220748
1220870
1221001
1221118
1221250
1221368
1221495
1221623
1221730
1221853
1221979
1222106
1222238
1222369
1222500
1222640
1222761
1222884
1223014
1223137
1223262
1223373
1223484
1223617
1223719
1223825
1223939
1224061
1224171
1224307
1224448
1224578
1224718
1224838
1224959
1225093
1225214
1225329
1225452
1225567
1225698
1225806
1225938
1226054
1226179
1226305
1226428
1226548
1226682
1226809
1226934
1227048
1227158
1227276
1227392
1227522
1227661
1227787
1227917
1228038
1228169
1228294
1228416
1228536
1228661
1228805
1228917
1229036
1229141
1229262
1229379
1229500
1229619
1229740
1229859
1229975
1230088
1230200
1230323
1230439
1230555
1230675
1230804
1230942
1231068
1231186
1231315
1231434
1231555
1231673
1231799
1231911
1232054
1232176
1232289
1232419
1232541
1232671
1232773
1232896
1233028
1233173
1233287
1233416
1233531
1233658
1233771
1233886
1234004
1234114
1234266
1234403
1234544
1234672
1234806
1234926
1235036
1235153
1235280
1235408
1235533
1235660
1235778
1235885
1236017
1236141
1236279
1236377
1236499
1236630
1236745
1236858
1236977
1237122
1237227
1237343
1237455
1237578
1237703
1237818
1237952
1238064
1238187
1238299
1238425
1238545
1238671
1238808
1238928
1239050
1239167
1239267
1239382
1239506
1239620
1239740
1239857
1239983
1240101
1240207
1240350
1240494
1240625
1240751
1240878
1240996
1241139
1241247
1241381
1241482
1241608
1241735
1241841
1241980
1242117
1242239
1242361
1242486
1242608
1242724
1242849
1242977
1243094
1243224
1243362
1243493
1243599
1243723
1243842
1243973
1244088
1244209
1244313
1244428
1244558
1244678
1244795
1244928
1245061
1245170
1245305
1245403
1245521
1245662
1245796
1245955
1246079
1246197
1246296
1246415
1246546
1246676
1246802
1246925
1247039
1247164
1247283
1247394
1247501
1247606
1247730
1247855
1247975
1248104
1248225
1248332
1248473
1248604
1248724
1248834
1248952
1249080
1249209
1249328
1249450
1249581
1249703
1249820
1249940
1250065
1250185
1250315
1250437
1250574
1250698
1250818
1250921
1251041
1251158
1251270
1251380
1251506
1251611
1251732
1251853
1251962
1252084
1252199
1252328
1252440
1252575
1252700
1252817
1252946
1253059
1253191
1253322
1253440
1253564
1253690
1253801
1253944
1254074
1254209
1254337
1254454
1254610
1254751
1254852
1254953
1255067
1255204
1255316
1255451
1255581
1255703
1255811
1255933
1256054
1256179
1256303
1256409
1256544
1256652
1256758
1256874
1257003
1257135
1257266
1257384
1257521
1257638
1257767
1257885
1258006
1258115
1258253
1258391
1258537
1258668
1258768
1258901
1259030
1259159
1259265
1259387
1259517
1259644
1259775
1259905
1260029
1260159
1260268
1260368
1260501
1260616
1260745
1260852
1260984
1261104
1261214
1261347
1261481
1261610
1261763
1261869
1262013
1262116
1262213
1262313
1262436
1262554
1262667
1262792
1262905
1263028
1263153
1263263
1263388
1263507
1263623
1263756
1263867
1263992
1264100
1264222
1264344
1264496
1264619
1264737
1264860
1264972
1265106
1265210
1265344
1265463
1265580
1265696
1265818
1265941
1266055
1266193
1266306
1266431
1266551
1266662
1266798
1266932
1267053
1267180
1267318
1267440
1267589
1267727
1267846
1267969
1268084
1268198
1268309
1268448
1268564
1268677
1268809
1268929
1269043
1269150
1269267
1269404
1269540
1269650
1269772
1269900
1270030
1270160
1270262
1270388
1270501
1270616
1270741
1270896
1271028
1271163
1271279
1271398
1271529
1271647
1271761
1271885
1272017
1272131
1272245
1272371
1272508
1272611
1272714
1272831
1272955
1273098
1273222
1273330
1273450
1273577
1273675
1273799
1273910
1274041
1274165
1274295
1274392
1274511
1274653
1274766
1274880
1275006
1275134
1275268
1275393
1275501
1275646
1275763
1275877
1275994
1276116
1276252
1276377
1276491
1276605
1276735
1276865
1276980
1277095
1277225
1277333
1277459
1277610
1277723
1277856
1277965
1278093
1278206
1278311
1278441
1278570
1278695
1278813
1278942
1279058
1279187
1279295
1279427
1279550
1279688
1279806
1279923
1280040
1280177
1280301
1280408
1280532
1280659
1280767
1280863
1280998
1281122
1281244
1281352
1281468
1281589
1281744
1281853
1282001
1282125
1282240
1282361
1282477
1282612
1282727
1282874
1283019
1283145
1283262
1283361
1283493
1283618
1283750
1283869
1283980
1284100
1284221
1284336
1284454
1284589
1284724
1284829
1284940
1285056
1285180
1285302
1285408
1285524
1285662
1285777
1285927
1286046
1286154
1286297
1286404
1286534
1286656
1286789
1286918
1287069
1287195
1287300
1287440
1287550
1287680
1287809
1287931
1288052
1288182
1288303
1288430
1288562
1288689
1288801
1288925
1289059
1289176
1289294
1289423
1289549
1289669
1289775
1289911
1290052
1290162
1290289
1290409
1290519
1290640
1290766
1290902
1291026
1291155
1291291
1291405
1291543
1291677
1291805
1291943
1292071
1292182
1292303
1292416
1292530
1292662
1292782
1292899
1293024
1293135
1293228
1293328
1293471
1293584
1293688
1293805
1293922
1294021
1294130
1294246
1294352
1294498
1294620
1294748
1294871
1294988
1295095
1295218
1295347
1295483
1295624
1295732
1295864
1295981
1296116
1296254
1296383
1296497
1296619
1296757
1296861
1296983
1297102
1297225
1297346
1297458
1297586
1297713
1297821
1297962
1298064
1298197
1298322
1298428
1298568
1298685
1298821
1298937
1299071
1299204
1299302
1299426
1299539
1299674
1299809
1299925
1300061
1300193
1300302
1300418
1300537
1300672
1300797
1300934
1301074
1301199
1301336
1301447
1301579
1301707
1301828
1301951
1302091
1302212
1302363
1302483
1302621
1302733
1302872
1302987
1303108
1303232
1303360
1303495
1303619
1303734
1303870
1303984
1304094
1304219
1304360
1304484
1304599
1304736
1304862
1304998
1305132
1305276
1305399
1305523
1305635
1305773
1305897
1306008
1306125
1306247
1306381
1306494
1306619
1306748
1306862
1306973
1307100
1307212
1307348
1307483
1307620
1307737
1307864
1307965
1308068
1308214
1308333
1308435
1308563
1308695
1308817
1308939
1309077
1309196
1309319
1309434
1309561
1309672
1309798
1309914
1310033
1310149
1310275
1310395
1310512
1310640
1310770
1310918
1311040
1311147
1311266
1311396
1311518
1311634
1311753
1311883
1312021
1312151
1312282
1312421
1312545
1312653
1312774
1312892
1313015
1313142
1313257
1313368
1313467
1313583
1313707
1313837
1313954
1314082
1314229
1314357
1314487
1314598
1314715
1314853
1314972
1315095
1315227
1315347
1315466
1315576
1315705
1315841
1315957
1316076
1316205
1316356
1316476
1316605
1316725
1316860
1316993
1317112
1317233
1317379
1317494
1317615
1317730
1317857
1317991
1318111
1318222
1318345
1318472
1318590
1318730
1318855
1318997
1319134
1319257
1319370
1319503
1319601
1319732
1319860
1319972
1320090
1320213
1320350
1320496
1320610
1320758
1320876
1320987
1321109
1321232
1321366
1321508
1321645
1321769
1321897
1322037
1322157
1322280
1322389
1322512
1322637
1322762
1322885
1322998
1323143
1323286
1323416
1323518
1323637
1323772
1323913
1324047
1324175
1324280
1324385
1324513
1324646
1324759
1324890
1325015
1325131
1325246
1325371
1325493
1325609
1325725
1325833
1325944
1326060
1326185
1326322
1326444
1326552
1326673
1326800
1326930
1327038
1327166
1327290
1327433
1327555
1327683
1327823
1327948
1328061
1328183
1328319
1328461
1328565
1328681
1328808
1328912
1329042
1329168
1329315
1329445
1329588
1329710
1329848
1329961
1330070
1330196
1330327
1330467
1330612
1330743
1330877
1331001
1331127
1331248
1331369
1331502
1331631
1331731
1331867
1331993
1332124
1332237
1332358
1332477
1332606
1332734
1332864
1332995
1333126
1333261
1333388
1333515
1333629
1333748
1333868
1334006
1334114
1334255
1334383
1334506
1334623
1334756
1334870
1334985
1335125
1335255
1335377
1335494
1335626
1335757
1335894
1336033
1336157
1336281
1336393
1336528
1336648
1336756
1336882
1337017
1337146
1337266
1337392
1337519
1337639
1337793
1337897
1338007
1338124
1338239
1338377
1338491
1338606
1338723
1338855
1338988
1339098
1339229
1339365
1339491
1339624
1339741
1339866
1339991
1340122
1340243
1340376
1340491
1340615
1340733
1340852
1340988
1341113
1341251
1341365
1341493
1341625
1341752
1341857
1342005
1342147
1342252
1342369
1342493
1342611
1342738
1342868
1342993
1343091
1343202
1343313
1343431
1343555
1343668
1343768
1343898
1344019
1344135
1344264
1344406
1344523
1344655
1344777
1344888
1345016
1345131
1345250
1345386
1345520
1345672
1345778
1345897
1346012
1346122
1346269
1346384
1346512
1346650
1346757
1346877
1346988
1347096
1347200
1347330
1347429
1347539
1347672
1347798
1347925
1348037
1348147
1348260
1348385
1348495
1348614
1348718
1348848
1348960
1349123
1349239
1349366
1349489
1349617
1349726
1349850
1349968
1350083
1350203
1350330
1350448
1350570
1350710
1350827
1350971
1351107
1351237
1351373
1351499
1351613
1351738
1351876
1351987
1352123
1352233
1352364
1352500
1352636
1352755
1352889
1353004
1353118
1353236
1353369
1353491
1353611
1353727
1353840
1353970
1354097
1354216
1354346
1354473
1354599
1354700
1354834
1354949
1355069
1355179
1355310
1355425
1355559
1355665
1355796
1355952
1356068
1356200
1356331
1356484
1356609
1356723
1356862
1356990
1357126
1357237
1357352
1357484
1357599
1357726
1357869
1357993
1358100
1358216
1358355
1358485
1358607
1358746
1358862
1358993
1359124
1359230
1359352
1359487
1359586
1359717
1359853
1359952
1360077
1360188
1360316
1360445
1360584
1360690
1360847
1360976
1361095
1361210
1361333
1361478
1361591
1361715
1361826
1361953
1362078
1362206
1362327
1362433
1362545
1362676
1362793
1362926
1363062
1363187
1363288
1363391
1363508
1363611
1363731
1363841
1363968
1364087
1364198
1364320
1364436
1364555
1364693
1364818
1364946
1365078
1365203
1365314
1365436
1365559
1365691
1365810
1365921
1366058
1366191
1366301
1366410
1366530
1366633
1366753
1366869
1366982
1367118
1367230
1367359
1367491
1367613
1367756
1367887
1368039
1368143
1368260
1368373
1368503
1368602
1368711
1368829
1368954
1369075
1369182
1369290
1369397
1369500
1369628
1369740
1369865
1369980
1370101
1370225
1370360
1370483
1370607
1370723
1370826
1370949
1371058
1371180
1371293
1371406
1371532
1371663
1371802
1371919
1372058
1372171
1372293
1372415
1372554
1372690
1372807
1372930
1373051
1373170
1373296
1373420
1373529
1373636
1373758
1373886
1374016
1374163
1374275
1374411
1374535
1374679
1374812
1374929
1375037
1375159
1375294
1375426
1375546
1375653
1375777
1375919
1376037
1376170
1376284
1376397
1376509
1376622
1376743
1376874
1376987
1377100
1377208
1377321
1377459
1377583
1377696
1377813
1377932
1378058
1378185
1378310
1378428
1378553
1378678
1378814
1378940
1379056
1379162
1379278
1379401
1379519
1379631
1379751
1379871
1379980
1380126
1380236
1380378
1380506
1380630
1380760
1380892
1381033
1381158
1381290
1381407
1381510
1381640
1381763
1381882
1381994
1382123
1382240
1382364
1382481
1382626
1382762
1382895
1383015
1383124
1383232
1383353
1383478
1383598
1383724
1383841
1383958
1384102
1384231
1384366
1384480
1384609
1384716
1384818
1384960
1385070
1385206
1385326
1385457
1385571
1385690
1385793
1385917
1386047
1386169
1386287
1386401
1386541
1386662
1386795
1386910
1387038
1387152
1387296
1387428
1387549
1387674
1387781
1387913
1388026
1388157
1388272
1388402
1388523
1388629
1388762
1388874
1389002
1389109
1389240
1389362
1389492
1389613
1389741
1389853
1389991
1390104
1390229
1390361
1390470
1390576
1390706
1390838
1390953
1391089
1391215
1391326
1391435
1391570
1391704
1391814
1391929
1392037
1392154
1392275
1392402
1392524
1392636
1392766
1392898
1393012
1393130
1393254
1393368
1393495
1393630
1393760
1393896
1394020
1394138
1394260
1394388
1394515
1394647
1394767
1394886
1394990
1395094
1395225
1395348
1395466
1395598
1395709
1395824
1395935
1396067
1396183
1396316
1396432
1396538
1396676
1396789
1396918
1397045
1397170
1397294
1397413
1397535
1397659
1397781
1397895
1398017
1398125
1398249
1398373
1398506
1398618
1398745
1398870
1398988
1399106
1399226
1399336
1399446
1399581
1399709
1399832
1399958
1400079
1400212
1400337
1400450
1400559
1400681
1400806
1400930
1401056
1401185
1401306
1401407
1401529
1401653
1401773
1401893
1402024
1402136
1402251
1402358
1402472
1402600
1402725
1402837
1402954
1403058
1403195
1403316
1403448
1403573
1403704
1403826
1403935
1404059
1404166
1404271
1404402
1404529
1404640
1404761
1404874
1404992
1405112
1405253
1405369
1405482
1405608
1405746
1405866
1406008
1406129
1406251
1406397
1406508
1406615
1406742
1406867
1406983
1407113
1407231
1407366
1407501
1407635
1407760
1407887
1407998
1408109
1408224
1408349
1408466
1408584
1408715
1408857
1408990
1409120
1409259
1409373
1409502
1409631
1409752
1409869
1409987
1410122
1410244
1410374
1410485
1410604
1410729
1410844
1410968
1411110
1411237
1411355
1411460
1411593
1411717
1411844
1411952
1412070
1412184
1412293
1412416
1412537
1412666
1412775
1412893
1413025
1413141
1413265
1413397
1413533
1413664
1413777
1413890
1414011
1414142
1414266
1414373
1414508
1414636
1414763
1414900
1415033
1415171
1415307
1415447
1415567
1415696
1415819
1415938
1416031
1416154
1416292
1416424
1416551
1416673
1416788
1416914
1417048
1417165
1417313
1417434
1417563
1417694
1417822
1417924
1418048
1418171
1418286
1418421
1418544
1418659
1418771
1418907
1419036
1419161
1419295
1419427
1419539
1419653
1419764
1419887
1420029
1420159
1420282
1420413
1420537
1420664
1420798
1420917
1421030
1421172
1421295
1421413
1421542
1421666
1421802
1421934
1422043
1422185
1422300
1422417
1422541
1422654
1422768
1422884
1423000
1423141
1423264
1423391
1423516
1423638
1423767
1423871
1423984
1424097
1424236
1424359
1424498
1424615
1424735
1424859
1424973
1425103
1425224
1425347
1425452
1425583
1425708
1425836
1425965
1426083
1426212
1426330
1426464
1426571
1426686
1426804
1426917
1427045
1427167
1427287
1427407
1427546
1427676
1427822
1427944
1428054
1428169
1428291
1428416
1428541
1428666
1428790
1428917
1429016
1429137
1429272
1429416
1429557
1429695
1429784
1429900
1430017
1430153
1430296
1430417
1430531
1430654
1430779
1430905
1431025
1431172
1431286
1431419
1431534
1431653
1431791
1431928
1432055
1432181
1432292
1432399
1432514
1432643
1432777
1432892
1433018
1433135
1433245
1433351
1433467
1433592
1433717
1433845
1433987
1434104
1434221
1434363
1434489
1434597
1434724
1434826
1434943
1435075
1435178
1435303
1435427
1435530
1435650
1435781
1435911
1436045
1436171
1436301
1436408
1436524
1436643
1436767
1436891
1436992
1437101
1437214
1437317
1437432
1437550
1437674
1437780
1437898
1438027
1438150
1438282
1438399
1438544
1438688
1438825
1438943
1439057
1439196
1439329
1439438
1439576
1439691
1439810
1439959
1440086
1440223
1440344
1440482
1440597
1440706
1440829
1440942
1441064
1441196
1441312
1441444
1441570
1441685
1441800
1441905
1442014
1442142
1442273
1442388
1442503
1442613
1442730
1442839
1442956
1443079
1443184
1443307
1443431
1443561
1443682
1443795
1443930
1444045
1444163
1444286
1444402
1444523
1444644
1444756
1444892
1444994
1445112
1445248
1445364
1445494
1445613
1445736
1445866
1445989
1446108
1446232
1446364
1446490
1446610
1446745
1446863
1446991
1447106
1447220
1447343
1447482
1447602
1447720
1447856
1447971
1448094
1448216
1448329
1448444
1448565
1448701
1448804
1448934
1449054
1449156
1449286
1449421
1449542
1449667
1449787
1449906
1450027
1450160
1450275
1450365
1450507
1450630
1450754
1450879
1450993
1451133
1451280
1451409
1451534
1451651
1451806
1451932
1452067
1452187
1452315
1452437
1452544
1452678
1452830
1452952
1453085
1453223
1453354
1453476
1453595
1453719
1453839
1453968
1454125
1454246
1454365
1454495
1454618
1454732
1454866
1454991
1455097
1455219
1455339
1455458
1455606
1455728
1455843
1455961
1456084
1456205
1456334
1456472
1456588
1456710
1456846
1456942
1457058
1457178
1457296
1457426
1457561
1457664
1457792
1457913
1458034
1458157
1458282
1458387
1458516
1458635
1458759
1458877
1459004
1459140
1459255
1459376
1459494
1459618
1459745
1459880
1460011
1460146
1460267
1460386
1460492
1460612
1460725
1460838
1460962
1461079
1461182
1461313
1461443
1461579
1461680
1461801
1461925
1462047
1462176
1462305
1462418
1462546
1462655
1462778
1462885
1463003
1463128
1463240
1463356
1463464
1463597
1463711
1463833
1463963
1464100
1464226
1464345
1464482
1464602
1464731
1464866
1464984
1465098
1465227
1465340
1465465
1465583
1465702
1465810
1465928
1466064
1466193
1466308
1466441
1466564
1466686
1466808
1466925
1467054
1467184
1467314
1467434
1467560
1467672
1467789
1467893
1468017
1468130
1468249
1468377
1468519
1468641
1468779
1468905
1469036
1469157
1469284
1469429
1469545
1469675
1469795
1469918
1470068
1470171
1470282
1470389
1470515
1470646
1470765
1470905
1471025
1471152
1471279
1471403
1471507
1471637
1471765
1471903
1471999
1472131
1472259
1472385
1472515
1472652
1472782
1472914
1473038
1473137
1473262
1473370
1473485
1473608
1473732
1473863
1473986
1474119
1474252
1474389
1474503
1474621
1474743
1474878
1474986
1475108
1475249
1475361
1475484
1475614
1475755
1475881
1476005
1476126
1476249
1476369
1476489
1476596
1476701
1476811
1476938
1477051
1477202
1477322
1477452
1477599
1477715
1477848
1477963
1478111
1478230
1478339
1478458
1478570
1478692
1478806
1478925
1479030
1479159
1479296
1479409
1479540
1479676
1479803
1479932
1480070
1480204
1480324
1480449
1480535
1480660
1480789
1480920
1481047
1481173
1481305
1481428
1481564
1481686
1481785
1481910
1482020
1482155
1482296
1482429
1482555
1482650
1482762
1482875
1483000
1483119
1483232
1483350
1483480
1483608
1483732
1483863
1483970
1484084
1484197
1484305
1484433
1484571
1484699
1484837
1484948
1485061
1485187
1485314
1485442
1485566
1485665
1485799
1485930
1486045
1486160
1486261
1486393
1486538
1486675
1486813
1486938
1487056
1487183
1487320
1487453
1487573
1487704
1487828
1487941
1488051
1488173
1488294
1488437
1488554
1488687
1488798
1488915
1489036
1489150
1489280
1489405
1489535
1489668
1489785
1489901
1490004
1490141
1490281
1490415
1490511
1490630
1490739
1490850
1490974
1491090
1491193
1491327
1491449
1491566
1491707
1491829
1491947
1492076
1492195
1492324
1492439
1492566
1492664
1492796
1492910
1493039
1493187
1493309
1493437
1493551
1493682
1493809
1493922
1494053
1494175
1494311
1494427
1494549
1494673
1494786
1494912
1495021
1495151
1495276
1495400
1495532
1495650
1495776
1495915
1496060
1496195
1496317
1496430
1496555
1496669
1496798
1496907
1497033
1497177
1497301
1497425
1497521
1497642
1497777
1497908
1498023
1498154
1498261
1498377
1498518
1498649
1498778
1498888
1499007
1499126
1499263
1499377
1499482
1499593
1499708
1499844
1499953
1500097
1500218
1500353
1500476
1500588
1500713
1500834
1500970
1501081
1501203
1501326
1501460
1501581
1501704
1501819
1501926
1502039
1502157
1502277
1502409
1502529
1502669
1502808
1502932
1503047
1503172
1503310
1503436
1503573
1503692
1503828
1503977
1504111
1504222
1504360
1504457
1504577
1504691
1504809
1504946
1505062
1505174
1505294
1505437
1505558
1505684
1505814
1505932
1506078
1506198
1506334
1506466
1506600
1506730
1506858
1506970
1507090
1507204
1507328
1507441
1507574
1507692
1507826
1507965
1508095
1508221
1508338
1508459
1508597
1508725
1508855
1508973
1509089
1509244
1509368
1509493
1509607
1509728
1509862
1509949
1509949