0
2
5
8
11
14
17
20
23
26
29
32
35
38
41
44
47
50
53
56
59
62
65
68
71
74
77
80
83
86
89
92
95
98
101
104
107
110
113
116
119
122
125
128
131
134
137
140
143
146
149
152
155
158
161
164
167
170
173
176
179
182
185
188
191
194
197
200
203
206
209
212
215
218
221
224
227
230
233
236
239
242
245
248
251
254
257
260
263
266
269
272
275
278
281
284
287
290
293
296
299
302
305
308
311
314
317
320
323
326
329
332
335
338
341
344
347
350
353
356
359
362
365
368
371
374
377
380
383
386
389
392
395
398
401
404
407
410
413
416
419
422
425
428
431
434
437
440
443
446
449
452
455
458
461
464
467
470
473
476
479
482
485
488
491
494
497
500
503
506
509
512
515
518
521
524
527
530
533
536
539
542
545
548
551
554
557
560
563
566
569
572
575
578
581
584
587
590
593
596
599
602
605
608
611
614
617
620
623
626
629
632
635
638
641
644
647
650
653
656
659
662
665
668
671
674
677
680
683
686
689
692
695
698
701
704
707
710
713
716
719
722
725
728
731
734
737
740
743
746
749
752
755
758
761
764
767
770
773
776
779
782
785
788
791
794
797
800
803
806
809
812
815
818
821
824
827
830
833
836
839
842
845
848
851
854
857
860
863
866
869
872
875
878
881
884
887
890
893
896
899
902
905
908
911
914
917
920
923
926
929
932
935
938
941
944
947
950
953
956
959
962
965
968
971
974
977
980
983
986
989
992
995
998
1001
1004
1007
1010
1013
1016
1019
1022
1025
1028
1031
1034
1037
1040
1043
1046
1049
1052
1055
1058
1061
1064
1067
1070
1073
1076
1079
1082
1085
1088
1091
1094
1097
1100
1103
1106
1109
1112
1115
1118
1121
1124
1127
1130
1133
1136
1139
1142
1145
1148
1151
1154
1157
1160
1163
1166
1169
1172
1175
1178
1181
1184
1187
1190
1193
1196
1199
1202
1205
1208
1211
1214
1217
1220
1223
1226
1229
1232
1235
1238
1241
1244
1247
1250
1253
1256
1259
1262
1265
1268
1271
1274
1277
1280
1283
1286
1289
1292
1295
1298
1301
1304
1307
1310
1313
1316
1319
1322
1325
1328
1331
1334
1337
1340
1343
1346
1349
1352
1355
1358
1361
1364
1367
1370
1373
1376
1379
1382
1385
1388
1391
1394
1397
1400
1403
1406
1409
1412
1415
1418
1421
1424
1427
1430
1433
1436
1439
1442
1445
1448
1451
1454
1457
1460
1463
1466
1469
1472
1475
1478
1481
1484
1487
1490
1493
1496
1499
1502
1505
1508
1511
1514
1517
1520
1523
1526
1529
1532
1535
1538
1541
1544
1547
1550
1553
1556
1559
1562
1565
1568
1571
1574
1577
1580
1583
1586
1589
1592
1595
1598
1601
1604
1607
1610
1613
1616
1619
1622
1625
1628
1631
1634
1637
1640
1643
1646
1649
1652
1655
1658
1661
1664
1667
1670
1673
1676
1679
1682
1685
1688
1691
1694
1697
1700
1703
1706
1709
1712
1715
1718
1721
1724
1727
1730
1733
1736
1739
1742
1745
1748
1751
1754
1757
1760
1763
1766
1769
1772
1775
1778
1781
1784
1787
1790
1793
1796
1799
1802
1805
1808
1811
1814
1817
1820
1823
1826
1829
1832
1835
1838
1841
1844
1847
1850
1853
1856
1859
1862
1865
1868
1871
1874
1877
1880
1883
1886
1889
1892
1895
1898
1901
1904
1907
1910
1913
1916
1919
1922
1925
1928
1931
1934
1937
1940
1943
1946
1949
1952
1955
1958
1961
1964
1967
1970
1973
1976
1979
1982
1985
1988
1991
1994
1997
2000
2003
2006
2009
2012
2015
2018
2021
2024
2027
2030
2033
2036
2039
2042
2045
2048
2051
2054
2057
2060
2063
2066
2069
2072
2075
2078
2081
2084
2087
2090
2093
2096
2099
2102
2105
2108
2111
2114
2117
2120
2123
2126
2129
2132
2135
2138
2141
2144
2147
2150
2153
2156
2159
2162
2165
2168
2171
2174
2177
2180
2183
2186
2189
2192
2195
2198
2201
2204
2207
2210
2213
2216
2219
2222
2225
2228
2231
2234
2237
2240
2243
2246
2249
2252
2255
2258
2261
2264
2267
2270
2273
2276
2279
2282
2285
2288
2291
2294
2297
2300
2303
2306
2309
2312
2315
2318
2321
2324
2327
2330
2333
2336
2339
2342
2345
2348
2351
2354
2357
2360
2363
2366
2369
2372
2375
2378
2381
2384
2387
2390
2393
2396
2399
2402
2405
2408
2411
2414
2417
2420
2423
2426
2429
2432
2435
2438
2441
2444
2447
2450
2453
2456
2459
2462
2465
2468
2471
2474
2477
2480
2483
2486
2489
2492
2495
2498
2501
2504
2507
2510
2513
2516
2519
2522
2525
2528
2531
2534
2537
2540
2543
2546
2549
2552
2555
2558
2561
2564
2567
2570
2573
2576
2579
2582
2585
2588
2591
2594
2597
2600
2603
2606
2609
2612
2615
2618
2621
2624
2627
2630
2633
2636
2639
2642
2645
2648
2651
2654
2657
2660
2663
2666
2669
2672
2675
2678
2681
2684
2687
2690
2693
2696
2699
2702
2705
2708
2711
2714
2717
2720
2723
2726
2729
2732
2735
2738
2741
2744
2747
2750
2753
2756
2759
2762
2765
2768
2771
2774
2777
2780
2783
2786
2789
2792
2795
2798
2801
2804
2807
2810
2813
2816
2819
2822
2825
2828
2831
2834
2837
2840
2843
2846
2849
2852
2855
2858
2861
2864
2867
2870
2873
2876
2879
2882
2885
2888
2891
2894
2897
2900
2903
2906
2909
2912
2915
2918
2921
2924
2927
2930
2933
2936
2939
2942
2945
2948
2951
2954
2957
2960
2963
2966
2969
2972
2975
2978
2981
2984
2987
2990
2993
2996
2999
3002
3005
3008
3011
3014
3017
3020
3023
3026
3029
3032
3035
3038
3041
3044
3047
3050
3053
3056
3059
3062
3065
3068
3071
3074
3077
3080
3083
3086
3089
3092
3095
3098
3101
3104
3107
3110
3113
3116
3119
3122
3125
3128
3131
3134
3137
3140
3143
3146
3149
3152
3155
3158
3161
3164
3167
3170
3173
3176
3179
3182
3185
3188
3191
3194
3197
3200
3203
3206
3209
3212
3215
3218
3221
3224
3227
3230
3233
3236
3239
3242
3245
3248
3251
3254
3257
3260
3263
3266
3269
3272
3275
3278
3281
3284
3287
3290
3293
3296
3299
3302
3305
3308
3311
3314
3317
3320
3323
3326
3329
3332
3335
3338
3341
3344
3347
3350
3353
3356
3359
3362
3365
3368
3371
3374
3377
3380
3383
3386
3389
3392
3395
3398
3401
3404
3407
3410
3413
3416
3419
3422
3425
3428
3431
3434
3437
3440
3443
3446
3449
3452
3455
3458
3461
3464
3467
3470
3473
3476
3479
3482
3485
3488
3491
3494
3497
3500
3503
3506
3509
3512
3515
3518
3521
3524
3527
3530
3533
3536
3539
3542
3545
3548
3551
3554
3557
3560
3563
3566
3569
3572
3575
3578
3581
3584
3587
3590
3593
3596
3599
3602
3605
3608
3611
3614
3617
3620
3623
3626
3629
3632
3635
3638
3641
3644
3647
3650
3653
3656
3659
3662
3665
3668
3671
3674
3677
3680
3683
3686
3689
3692
3695
3698
3701
3704
3707
3710
3713
3716
3719
3722
3725
3728
3731
3734
3737
3740
3743
3746
3749
3752
3755
3758
3761
3764
3767
3770
3773
3776
3779
3782
3785
3788
3791
3794
3797
3800
3803
3806
3809
3812
3815
3818
3821
3824
3827
3830
3833
3836
3839
3842
3845
3848
3851
3854
3857
3860
3863
3866
3869
3872
3875
3878
3881
3884
3887
3890
3893
3896
3899
3902
3905
3908
3911
3914
3917
3920
3923
3926
3929
3932
3935
3938
3941
3944
3947
3950
3953
3956
3959
3962
3965
3968
3971
3974
3977
3980
3983
3986
3989
3992
3995
3998
4001
4004
4007
4010
4013
4016
4019
4022
4025
4028
4031
4034
4037
4040
4043
4046
4049
4052
4055
4058
4061
4064
4067
4070
4073
4076
4079
4082
4085
4088
4091
4094
4097
4100
4103
4106
4109
4112
4115
4118
4121
4124
4127
4130
4133
4136
4139
4142
4145
4148
4151
4154
4157
4160
4163
4166
4169
4172
4175
4178
4181
4184
4187
4190
4193
4196
4199
4202
4205
4208
4211
4214
4217
4220
4223
4226
4229
4232
4235
4238
4241
4244
4247
4250
4253
4256
4259
4262
4265
4268
4271
4274
4277
4280
4283
4286
4289
4292
4295
4298
4301
4304
4307
4310
4313
4316
4319
4322
4325
4328
4331
4334
4337
4340
4343
4346
4349
4352
4355
4358
4361
4364
4367
4370
4373
4376
4379
4382
4385
4388
4391
4394
4397
4400
4403
4406
4409
4412
4415
4418
4421
4424
4427
4430
4433
4436
4439
4442
4445
4448
4451
4454
4457
4460
4463
4466
4469
4472
4475
4478
4481
4484
4487
4490
4493
4496
4499
4502
4505
4508
4511
4514
4517
4520
4523
4526
4529
4532
4535
4538
4541
4544
4547
4550
4553
4556
4559
4562
4565
4568
4571
4574
4577
4580
4583
4586
4589
4592
4595
4598
4601
4604
4607
4610
4613
4616
4619
4622
4625
4628
4631
4634
4637
4640
4643
4646
4649
4652
4655
4658
4661
4664
4667
4670
4673
4676
4679
4682
4685
4688
4691
4694
4697
4700
4703
4706
4709
4712
4715
4718
4721
4724
4727
4730
4733
4736
4739
4742
4745
4748
4751
4754
4757
4760
4763
4766
4769
4772
4775
4778
4781
4784
4787
4790
4793
4796
4799
4802
4805
4808
4811
4814
4817
4820
4823
4826
4829
4832
4835
4838
4841
4844
4847
4850
4853
4856
4859
4862
4865
4868
4871
4874
4877
4880
4883
4886
4889
4892
4895
4898
4901
4904
4907
4910
4913
4916
4919
4922
4925
4928
4931
4934
4937
4940
4943
4946
4949
4952
4955
4958
4961
4964
4967
4970
4973
4976
4979
4982
4985
4988
4991
4994
4997
5000
5003
5006
5009
5012
5015
5018
5021
5024
5027
5030
5033
5036
5039
5042
5045
5048
5051
5054
5057
5060
5063
5066
5069
5072
5075
5078
5081
5084
5087
5090
5093
5096
5099
5102
5105
5108
5111
5114
5117
5120
5123
5126
5129
5132
5135
5138
5141
5144
5147
5150
5153
5156
5159
5162
5165
5168
5171
5174
5177
5180
5183
5186
5189
5192
5195
5198
5201
5204
5207
5210
5213
5216
5219
5222
5225
5228
5231
5234
5237
5240
5243
5246
5249
5252
5255
5258
5261
5264
5267
5270
5273
5276
5279
5282
5285
5288
5291
5294
5297
5300
5303
5306
5309
5312
5315
5318
5321
5324
5327
5330
5333
5336
5339
5342
5345
5348
5351
5354
5357
5360
5363
5366
5369
5372
5375
5378
5381
5384
5387
5390
5393
5396
5399
5402
5405
5408
5411
5414
5417
5420
5423
5426
5429
5432
5435
5438
5441
5444
5447
5450
5453
5456
5459
5462
5465
5468
5471
5474
5477
5480
5483
5486
5489
5492
5495
5498
5501
5504
5507
5510
5513
5516
5519
5522
5525
5528
5531
5534
5537
5540
5543
5546
5549
5552
5555
5558
5561
5564
5567
5570
5573
5576
5579
5582
5585
5588
5591
5594
5597
5600
5603
5606
5609
5612
5615
5618
5621
5624
5627
5630
5633
5636
5639
5642
5645
5648
5651
5654
5657
5660
5663
5666
5669
5672
5675
5678
5681
5684
5687
5690
5693
5696
5699
5702
5705
5708
5711
5714
5717
5720
5723
5726
5729
5732
5735
5738
5741
5744
5747
5750
5753
5756
5759
5762
5765
5768
5771
5774
5777
5780
5783
5786
5789
5792
5795
5798
5801
5804
5807
5810
5813
5816
5819
5822
5825
5828
5831
5834
5837
5840
5843
5846
5849
5852
5855
5858
5861
5864
5867
5870
5873
5876
5879
5882
5885
5888
5891
5894
5897
5900
5903
5906
5909
5912
5915
5918
5921
5924
5927
5930
5933
5936
5939
5942
5945
5948
5951
5954
5957
5960
5963
5966
5969
5972
5975
5978
5981
5984
5987
5990
5993
5996
5999
6002
6005
6008
6011
6014
6017
6020
6023
6026
6029
6032
6035
6038
6041
6044
6047
6050
6053
6056
6059
6062
6065
6068
6071
6074
6077
6080
6083
6086
6089
6092
6095
6098
6101
6104
6107
6110
6113
6116
6119
6122
6125
6128
6131
6134
6137
6140
6143
6146
6149
6152
6155
6158
6161
6164
6167
6170
6173
6176
6179
6182
6185
6188
6191
6194
6197
6200
6203
6206
6209
6212
6215
6218
6221
6224
6227
6230
6233
6236
6239
6242
6245
6248
6251
6254
6257
6260
6263
6266
6269
6272
6275
6278
6281
6284
6287
6290
6293
6296
6299
6302
6305
6308
6311
6314
6317
6320
6323
6326
6329
6332
6335
6338
6341
6344
6347
6350
6353
6356
6359
6362
6365
6368
6371
6374
6377
6380
6383
6386
6389
6392
6395
6398
6401
6404
6407
6410
6413
6416
6419
6422
6425
6428
6431
6434
6437
6440
6443
6446
6449
6452
6455
6458
6461
6464
6467
6470
6473
6476
6479
6482
6485
6488
6491
6494
6497
6500
6503
6506
6509
6512
6515
6518
6521
6524
6527
6530
6533
6536
6539
6542
6545
6548
6551
6554
6557
6560
6563
6566
6569
6572
6575
6578
6581
6584
6587
6590
6593
6596
6599
6602
6605
6608
6611
6614
6617
6620
6623
6626
6629
6632
6635
6638
6641
6644
6647
6650
6653
6656
6659
6662
6665
6668
6671
6674
6677
6680
6683
6686
6689
6692
6695
6698
6701
6704
6707
6710
6713
6716
6719
6722
6725
6728
6731
6734
6737
6740
6743
6746
6749
6752
6755
6758
6761
6764
6767
6770
6773
6776
6779
6782
6785
6788
6791
6794
6797
6800
6803
6806
6809
6812
6815
6818
6821
6824
6827
6830
6833
6836
6839
6842
6845
6848
6851
6854
6857
6860
6863
6866
6869
6872
6875
6878
6881
6884
6887
6890
6893
6896
6899
6902
6905
6908
6911
6914
6917
6920
6923
6926
6929
6932
6935
6938
6941
6944
6947
6950
6953
6956
6959
6962
6965
6968
6971
6974
6977
6980
6983
6986
6989
6992
6995
6998
7001
7004
7007
7010
7013
7016
7019
7022
7025
7028
7031
7034
7037
7040
7043
7046
7049
7052
7055
7058
7061
7064
7067
7070
7073
7076
7079
7082
7085
7088
7091
7094
7097
7100
7103
7106
7109
7112
7115
7118
7121
7124
7127
7130
7133
7136
7139
7142
7145
7148
7151
7154
7157
7160
7163
7166
7169
7172
7175
7178
7181
7184
7187
7190
7193
7196
7199
7202
7205
7208
7211
7214
7217
7220
7223
7226
7229
7232
7235
7238
7241
7244
7247
7250
7253
7256
7259
7262
7265
7268
7271
7274
7277
7280
7283
7286
7289
7292
7295
7298
7301
7304
7307
7310
7313
7316
7319
7322
7325
7328
7331
7334
7337
7340
7343
7346
7349
7352
7355
7358
7361
7364
7367
7370
7373
7376
7379
7382
7385
7388
7391
7394
7397
7400
7403
7406
7409
7412
7415
7418
7421
7424
7427
7430
7433
7436
7439
7442
7445
7448
7451
7454
7457
7460
7463
7466
7469
7472
7475
7478
7481
7484
7487
7490
7493
7496
7499
7502
7505
7508
7511
7514
7517
7520
7523
7526
7529
7532
7535
7538
7541
7544
7547
7550
7553
7556
7559
7562
7565
7568
7571
7574
7577
7580
7583
7586
7589
7592
7595
7598
7601
7604
7607
7610
7613
7616
7619
7622
7625
7628
7631
7634
7637
7640
7643
7646
7649
7652
7655
7658
7661
7664
7667
7670
7673
7676
7679
7682
7685
7688
7691
7694
7697
7700
7703
7706
7709
7712
7715
7718
7721
7724
7727
7730
7733
7736
7739
7742
7745
7748
7751
7754
7757
7760
7763
7766
7769
7772
7775
7778
7781
7784
7787
7790
7793
7796
7799
7802
7805
7808
7811
7814
7817
7820
7823
7826
7829
7832
7835
7838
7841
7844
7847
7850
7853
7856
7859
7862
7865
7868
7871
7874
7877
7880
7883
7886
7889
7892
7895
7898
7901
7904
7907
7910
7913
7916
7919
7922
7925
7928
7931
7934
7937
7940
7943
7946
7949
7952
7955
7958
7961
7964
7967
7970
7973
7976
7979
7982
7985
7988
7991
7994
7997
8000
8003
8006
8009
8012
8015
8018
8021
8024
8027
8030
8033
8036
8039
8042
8045
8048
8051
8054
8057
8060
8063
8066
8069
8072
8075
8078
8081
8084
8087
8090
8093
8096
8099
8102
8105
8108
8111
8114
8117
8120
8123
8126
8129
8132
8135
8138
8141
8144
8147
8150
8153
8156
8159
8162
8165
8168
8171
8174
8177
8180
8183
8186
8189
8192
8195
8198
8201
8204
8207
8210
8213
8216
8219
8222
8225
8228
8231
8234
8237
8240
8243
8246
8249
8252
8255
8258
8261
8264
8267
8270
8273
8276
8279
8282
8285
8288
8291
8294
8297
8300
8303
8306
8309
8312
8315
8318
8321
8324
8327
8330
8333
8336
8339
8342
8345
8348
8351
8354
8357
8360
8363
8366
8369
8372
8375
8378
8381
8384
8387
8390
8393
8396
8399
8402
8405
8408
8411
8414
8417
8420
8423
8426
8429
8432
8435
8438
8441
8444
8447
8450
8453
8456
8459
8462
8465
8468
8471
8474
8477
8480
8483
8486
8489
8492
8495
8498
8501
8504
8507
8510
8513
8516
8519
8522
8525
8528
8531
8534
8537
8540
8543
8546
8549
8552
8555
8558
8561
8564
8567
8570
8573
8576
8579
8582
8585
8588
8591
8594
8597
8600
8603
8606
8609
8612
8615
8618
8621
8624
8627
8630
8633
8636
8639
8642
8645
8648
8651
8654
8657
8660
8663
8666
8669
8672
8675
8678
8681
8684
8687
8690
8693
8696
8699
8702
8705
8708
8711
8714
8717
8720
8723
8726
8729
8732
8735
8738
8741
8744
8747
8750
8753
8756
8759
8762
8765
8768
8771
8774
8777
8780
8783
8786
8789
8792
8795
8798
8801
8804
8807
8810
8813
8816
8819
8822
8825
8828
8831
8834
8837
8840
8843
8846
8849
8852
8855
8858
8861
8864
8867
8870
8873
8876
8879
8882
8885
8888
8891
8894
8897
8900
8903
8906
8909
8912
8915
8918
8921
8924
8927
8930
8933
8936
8939
8942
8945
8948
8951
8954
8957
8960
8963
8966
8969
8972
8975
8978
8981
8984
8987
8990
8993
8996
8999
9002
9005
9008
9011
9014
9017
9020
9023
9026
9029
9032
9035
9038
9041
9044
9047
9050
9053
9056
9059
9062
9065
9068
9071
9074
9077
9080
9083
9086
9089
9092
9095
9098
9101
9104
9107
9110
9113
9116
9119
9122
9125
9128
9131
9134
9137
9140
9143
9146
9149
9152
9155
9158
9161
9164
9167
9170
9173
9176
9179
9182
9185
9188
9191
9194
9197
9200
9203
9206
9209
9212
9215
9218
9221
9224
9227
9230
9233
9236
9239
9242
9245
9248
9251
9254
9257
9260
9263
9266
9269
9272
9275
9278
9281
9284
9287
9290
9293
9296
9299
9302
9305
9308
9311
9314
9317
9320
9323
9326
9329
9332
9335
9338
9341
9344
9347
9350
9353
9356
9359
9362
9365
9368
9371
9374
9377
9380
9383
9386
9389
9392
9395
9398
9401
9404
9407
9410
9413
9416
9419
9422
9425
9428
9431
9434
9437
9440
9443
9446
9449
9452
9455
9458
9461
9464
9467
9470
9473
9476
9479
9482
9485
9488
9491
9494
9497
9500
9503
9506
9509
9512
9515
9518
9521
9524
9527
9530
9533
9536
9539
9542
9545
9548
9551
9554
9557
9560
9563
9566
9569
9572
9575
9578
9581
9584
9587
9590
9593
9596
9599
9602
9605
9608
9611
9614
9617
9620
9623
9626
9629
9632
9635
9638
9641
9644
9647
9650
9653
9656
9659
9662
9665
9668
9671
9674
9677
9680
9683
9686
9689
9692
9695
9698
9701
9704
9707
9710
9713
9716
9719
9722
9725
9728
9731
9734
9737
9740
9743
9746
9749
9752
9755
9758
9761
9764
9767
9770
9773
9776
9779
9782
9785
9788
9791
9794
9797
9800
9803
9806
9809
9812
9815
9818
9821
9824
9827
9830
9833
9836
9839
9842
9845
9848
9851
9854
9857
9860
9863
9866
9869
9872
9875
9878
9881
9884
9887
9890
9893
9896
9899
9902
9905
9908
9911
9914
9917
9920
9923
9926
9929
9932
9935
9938
9941
9944
9947
9950
9953
9956
9959
9962
9965
9968
9971
9974
9977
9980
9983
9986
9989
9992
9995
9998
10001
10004
10007
10010
10013
10016
10019
10022
10025
10028
10031
10034
10037
10040
10043
10046
10049
10052
10055
10058
10061
10064
10067
10070
10073
10076
10079
10082
10085
10088
10091
10094
10097
10100
10103
10106
10109
10112
10115
10118
10121
10124
10127
10130
10133
10136
10139
10142
10145
10148
10151
10154
10157
10160
10163
10166
10169
10172
10175
10178
10181
10184
10187
10190
10193
10196
10199
10202
10205
10208
10211
10214
10217
10220
10223
10226
10229
10232
10235
10238
10241
10244
10247
10250
10253
10256
10259
10262
10265
10268
10271
10274
10277
10280
10283
10286
10289
10292
10295
10298
10301
10304
10307
10310
10313
10316
10319
10322
10325
10328
10331
10334
10337
10340
10343
10346
10349
10352
10355
10358
10361
10364
10367
10370
10373
10376
10379
10382
10385
10388
10391
10394
10397
10400
10403
10406
10409
10412
10415
10418
10421
10424
10427
10430
10433
10436
10439
10442
10445
10448
10451
10454
10457
10460
10463
10466
10469
10472
10475
10478
10481
10484
10487
10490
10493
10496
10499
10502
10505
10508
10511
10514
10517
10520
10523
10526
10529
10532
10535
10538
10541
10544
10547
10550
10553
10556
10559
10562
10565
10568
10571
10574
10577
10580
10583
10586
10589
10592
10595
10598
10601
10604
10607
10610
10613
10616
10619
10622
10625
10628
10631
10634
10637
10640
10643
10646
10649
10652
10655
10658
10661
10664
10667
10670
10673
10676
10679
10682
10685
10688
10691
10694
10697
10700
10703
10706
10709
10712
10715
10718
10721
10724
10727
10730
10733
10736
10739
10742
10745
10748
10751
10754
10757
10760
10763
10766
10769
10772
10775
10778
10781
10784
10787
10790
10793
10796
10799
10802
10805
10808
10811
10814
10817
10820
10823
10826
10829
10832
10835
10838
10841
10844
10847
10850
10853
10856
10859
10862
10865
10868
10871
10874
10877
10880
10883
10886
10889
10892
10895
10898
10901
10904
10907
10910
10913
10916
10919
10922
10925
10928
10931
10934
10937
10940
10943
10946
10949
10952
10955
10958
10961
10964
10967
10970
10973
10976
10979
10982
10985
10988
10991
10994
10997
11000
11003
11006
11009
11012
11015
11018
11021
11024
11027
11030
11033
11036
11039
11042
11045
11048
11051
11054
11057
11060
11063
11066
11069
11072
11075
11078
11081
11084
11087
11090
11093
11096
11099
11102
11105
11108
11111
11114
11117
11120
11123
11126
11129
11132
11135
11138
11141
11144
11147
11150
11153
11156
11159
11162
11165
11168
11171
11174
11177
11180
11183
11186
11189
11192
11195
11198
11201
11204
11207
11210
11213
11216
11219
11222
11225
11228
11231
11234
11237
11240
11243
11246
11249
11252
11255
11258
11261
11264
11267
11270
11273
11276
11279
11282
11285
11288
11291
11294
11297
11300
11303
11306
11309
11312
11315
11318
11321
11324
11327
11330
11333
11336
11339
11342
11345
11348
11351
11354
11357
11360
11363
11366
11369
11372
11375
11378
11381
11384
11387
11390
11393
11396
11399
11402
11405
11408
11411
11414
11417
11420
11423
11426
11429
11432
11435
11438
11441
11444
11447
11450
11453
11456
11459
11462
11465
11468
11471
11474
11477
11480
11483
11486
11489
11492
11495
11498
11501
11504
11507
11510
11513
11516
11519
11522
11525
11528
11531
11534
11537
11540
11543
11546
11549
11552
11555
11558
11561
11564
11567
11570
11573
11576
11579
11582
11585
11588
11591
11594
11597
11600
11603
11606
11609
11612
11615
11618
11621
11624
11627
11630
11633
11636
11639
11642
11645
11648
11651
11654
11657
11660
11663
11666
11669
11672
11675
11678
11681
11684
11687
11690
11693
11696
11699
11702
11705
11708
11711
11714
11717
11720
11723
11726
11729
11732
11735
11738
11741
11744
11747
11750
11753
11756
11759
11762
11765
11768
11771
11774
11777
11780
11783
11786
11789
11792
11795
11798
11801
11804
11807
11810
11813
11816
11819
11822
11825
11828
11831
11834
11837
11840
11843
11846
11849
11852
11855
11858
11861
11864
11867
11870
11873
11876
11879
11882
11885
11888
11891
11894
11897
11900
11903
11906
11909
11912
11915
11918
11921
11924
11927
11930
11933
11936
11939
11942
11945
11948
11951
11954
11957
11960
11963
11966
11969
11972
11975
11978
11981
11984
11987
11990
11993
11996
11999
12002
12005
12008
12011
12014
12017
12020
12023
12026
12029
12032
12035
12038
12041
12044
12047
12050
12053
12056
12059
12062
12065
12068
12071
12074
12077
12080
12083
12086
12089
12092
12095
12098
12101
12104
12107
12110
12113
12116
12119
12122
12125
12128
12131
12134
12137
12140
12143
12146
12149
12152
12155
12158
12161
12164
12167
12170
12173
12176
12179
12182
12185
12188
12191
12194
12197
12200
12203
12206
12209
12212
12215
12218
12221
12224
12227
12230
12233
12236
12239
12242
12245
12248
12251
12254
12257
12260
12263
12266
12269
12272
12275
12278
12281
12284
12287
12290
12293
12296
12299
12302
12305
12308
12311
12314
12317
12320
12323
12326
12329
12332
12335
12338
12341
12344
12347
12350
12353
12356
12359
12362
12365
12368
12371
12374
12377
12380
12383
12386
12389
12392
12395
12398
12401
12404
12407
12410
12413
12416
12419
12422
12425
12428
12431
12434
12437
12440
12443
12446
12449
12452
12455
12458
12461
12464
12467
12470
12473
12476
12479
12482
12485
12488
12491
12494
12497
12500
12503
12506
12509
12512
12515
12518
12521
12524
12527
12530
12533
12536
12539
12542
12545
12548
12551
12554
12557
12560
12563
12566
12569
12572
12575
12578
12581
12584
12587
12590
12593
12596
12599
12602
12605
12608
12611
12614
12617
12620
12623
12626
12629
12632
12635
12638
12641
12644
12647
12650
12653
12656
12659
12662
12665
12668
12671
12674
12677
12680
12683
12686
12689
12692
12695
12698
12701
12704
12707
12710
12713
12716
12719
12722
12725
12728
12731
12734
12737
12740
12743
12746
12749
12752
12755
12758
12761
12764
12767
12770
12773
12776
12779
12782
12785
12788
12791
12794
12797
12800
12803
12806
12809
12812
12815
12818
12821
12824
12827
12830
12833
12836
12839
12842
12845
12848
12851
12854
12857
12860
12863
12866
12869
12872
12875
12878
12881
12884
12887
12890
12893
12896
12899
12902
12905
12908
12911
12914
12917
12920
12923
12926
12929
12932
12935
12938
12941
12944
12947
12950
12953
12956
12959
12962
12965
12968
12971
12974
12977
12980
12983
12986
12989
12992
12995
12998
13001
13004
13007
13010
13013
13016
13019
13022
13025
13028
13031
13034
13037
13040
13043
13046
13049
13052
13055
13058
13061
13064
13067
13070
13073
13076
13079
13082
13085
13088
13091
13094
13097
13100
13103
13106
13109
13112
13115
13118
13121
13124
13127
13130
13133
13136
13139
13142
13145
13148
13151
13154
13157
13160
13163
13166
13169
13172
13175
13178
13181
13184
13187
13190
13193
13196
13199
13202
13205
13208
13211
13214
13217
13220
13223
13226
13229
13232
13235
13238
13241
13244
13247
13250
13253
13256
13259
13262
13265
13268
13271
13274
13277
13280
13283
13286
13289
13292
13295
13298
13301
13304
13307
13310
13313
13316
13319
13322
13325
13328
13331
13334
13337
13340
13343
13346
13349
13352
13355
13358
13361
13364
13367
13370
13373
13376
13379
13382
13385
13388
13391
13394
13397
13400
13403
13406
13409
13412
13415
13418
13421
13424
13427
13430
13433
13436
13439
13442
13445
13448
13451
13454
13457
13460
13463
13466
13469
13472
13475
13478
13481
13484
13487
13490
13493
13496
13499
13502
13505
13508
13511
13514
13517
13520
13523
13526
13529
13532
13535
13538
13541
13544
13547
13550
13553
13556
13559
13562
13565
13568
13571
13574
13577
13580
13583
13586
13589
13592
13595
13598
13601
13604
13607
13610
13613
13616
13619
13622
13625
13628
13631
13634
13637
13640
13643
13646
13649
13652
13655
13658
13661
13664
13667
13670
13673
13676
13679
13682
13685
13688
13691
13694
13697
13700
13703
13706
13709
13712
13715
13718
13721
13724
13727
13730
13733
13736
13739
13742
13745
13748
13751
13754
13757
13760
13763
13766
13769
13772
13775
13778
13781
13784
13787
13790
13793
13796
13799
13802
13805
13808
13811
13814
13817
13820
13823
13826
13829
13832
13835
13838
13841
13844
13847
13850
13853
13856
13859
13862
13865
13868
13871
13874
13877
13880
13883
13886
13889
13892
13895
13898
13901
13904
13907
13910
13913
13916
13919
13922
13925
13928
13931
13934
13937
13940
13943
13946
13949
13952
13955
13958
13961
13964
13967
13970
13973
13976
13979
13982
13985
13988
13991
13994
13997
14000
14003
14006
14009
14012
14015
14018
14021
14024
14027
14030
14033
14036
14039
14042
14045
14048
14051
14054
14057
14060
14063
14066
14069
14072
14075
14078
14081
14084
14087
14090
14093
14096
14099
14102
14105
14108
14111
14114
14117
14120
14123
14126
14129
14132
14135
14138
14141
14144
14147
14150
14153
14156
14159
14162
14165
14168
14171
14174
14177
14180
14183
14186
14189
14192
14195
14198
14201
14204
14207
14210
14213
14216
14219
14222
14225
14228
14231
14234
14237
14240
14243
14246
14249
14252
14255
14258
14261
14264
14267
14270
14273
14276
14279
14282
14285
14288
14291
14294
14297
14300
14303
14306
14309
14312
14315
14318
14321
14324
14327
14330
14333
14336
14339
14342
14345
14348
14351
14354
14357
14360
14363
14366
14369
14372
14375
14378
14381
14384
14387
14390
14393
14396
14399
14402
14405
14408
14411
14414
14417
14420
14423
14426
14429
14432
14435
14438
14441
14444
14447
14450
14453
14456
14459
14462
14465
14468
14471
14474
14477
14480
14483
14486
14489
14492
14495
14498
14501
14504
14507
14510
14513
14516
14519
14522
14525
14528
14531
14534
14537
14540
14543
14546
14549
14552
14555
14558
14561
14564
14567
14570
14573
14576
14579
14582
14585
14588
14591
14594
14597
14600
14603
14606
14609
14612
14615
14618
14621
14624
14627
14630
14633
14636
14639
14642
14645
14648
14651
14654
14657
14660
14663
14666
14669
14672
14675
14678
14681
14684
14687
14690
14693
14696
14699
14702
14705
14708
14711
14714
14717
14720
14723
14726
14729
14732
14735
14738
14741
14744
14747
14750
14753
14756
14759
14762
14765
14768
14771
14774
14777
14780
14783
14786
14789
14792
14795
14798
14801
14804
14807
14810
14813
14816
14819
14822
14825
14828
14831
14834
14837
14840
14843
14846
14849
14852
14855
14858
14861
14864
14867
14870
14873
14876
14879
14882
14885
14888
14891
14894
14897
14900
14903
14906
14909
14912
14915
14918
14921
14924
14927
14930
14933
14936
14939
14942
14945
14948
14951
14954
14957
14960
14963
14966
14969
14972
14975
14978
14981
14984
14987
14990
14993
14996
14998
14999
15000
15001
15002
15003
15004
15005
15006
15007
15008
15009
15010
15011
15012
15013
15014
15015
15016
15017
15018
15019
15020
15021
15022
15023
15024
15025
15026
15027
15028
15029
15030
15031
15032
15033
15034
15035
15036
15037
15038
15039
15040
15041
15042
15043
15044
15045
15046
15047
15048
15049
15050
15051
15052
15053
15054
15055
15056
15057
15058
15059
15060
15061
15062
15063
15064
15065
15066
15067
15068
15069
15070
15071
15072
15073
15074
15075
15076
15077
15078
15079
15080
15081
15082
15083
15084
15085
15086
15087
15088
15089
15090
15091
15092
15093
15094
15095
15096
15097
15098
15099
15100
15101
15102
15103
15104
15105
15106
15107
15108
15109
15110
15111
15112
15113
15114
15115
15116
15117
15118
15119
15120
15121
15122
15123
15124
15125
15126
15127
15128
15129
15130
15131
15132
15133
15134
15135
15136
15137
15138
15139
15140
15141
15142
15143
15144
15145
15146
15147
15148
15149
15150
15151
15152
15153
15154
15155
15156
15157
15158
15159
15160
15161
15162
15163
15164
15165
15166
15167
15168
15169
15170
15171
15172
15173
15174
15175
15176
15177
15178
15179
15180
15181
15182
15183
15184
15185
15186
15187
15188
15189
15190
15191
15192
15193
15194
15195
15196
15197
15198
15199
15200
15201
15202
15203
15204
15205
15206
15207
15208
15209
15210
15211
15212
15213
15214
15215
15216
15217
15218
15219
15220
15221
15222
15223
15224
15225
15226
15227
15228
15229
15230
15231
15232
15233
15234
15235
15236
15237
15238
15239
15240
15241
15242
15243
15244
15245
15246
15247
15248
15249
15250
15251
15252
15253
15254
15255
15256
15257
15258
15259
15260
15261
15262
15263
15264
15265
15266
15267
15268
15269
15270
15271
15272
15273
15274
15275
15276
15277
15278
15279
15280
15281
15282
15283
15284
15285
15286
15287
15288
15289
15290
15291
15292
15293
15294
15295
15296
15297
15298
15299
15300
15301
15302
15303
15304
15305
15306
15307
15308
15309
15310
15311
15312
15313
15314
15315
15316
15317
15318
15319
15320
15321
15322
15323
15324
15325
15326
15327
15328
15329
15330
15331
15332
15333
15334
15335
15336
15337
15338
15339
15340
15341
15342
15343
15344
15345
15346
15347
15348
15349
15350
15351
15352
15353
15354
15355
15356
15357
15358
15359
15360
15361
15362
15363
15364
15365
15366
15367
15368
15369
15370
15371
15372
15373
15374
15375
15376
15377
15378
15379
15380
15381
15382
15383
15384
15385
15386
15387
15388
15389
15390
15391
15392
15393
15394
15395
15396
15397
15398
15399
15400
15401
15402
15403
15404
15405
15406
15407
15408
15409
15410
15411
15412
15413
15414
15415
15416
15417
15418
15419
15420
15421
15422
15423
15424
15425
15426
15427
15428
15429
15430
15431
15432
15433
15434
15435
15436
15437
15438
15439
15440
15441
15442
15443
15444
15445
15446
15447
15448
15449
15450
15451
15452
15453
15454
15455
15456
15457
15458
15459
15460
15461
15462
15463
15464
15465
15466
15467
15468
15469
15470
15471
15472
15473
15474
15475
15476
15477
15478
15479
15480
15481
15482
15483
15484
15485
15486
15487
15488
15489
15490
15491
15492
15493
15494
15495
15496
15497
15498
15499
15500
15501
15502
15503
15504
15505
15506
15507
15508
15509
15510
15511
15512
15513
15514
15515
15516
15517
15518
15519
15520
15521
15522
15523
15524
15525
15526
15527
15528
15529
15530
15531
15532
15533
15534
15535
15536
15537
15538
15539
15540
15541
15542
15543
15544
15545
15546
15547
15548
15549
15550
15551
15552
15553
15554
15555
15556
15557
15558
15559
15560
15561
15562
15563
15564
15565
15566
15567
15568
15569
15570
15571
15572
15573
15574
15575
15576
15577
15578
15579
15580
15581
15582
15583
15584
15585
15586
15587
15588
15589
15590
15591
15592
15593
15594
15595
15596
15597
15598
15599
15600
15601
15602
15603
15604
15605
15606
15607
15608
15609
15610
15611
15612
15613
15614
15615
15616
15617
15618
15619
15620
15621
15622
15623
15624
15625
15626
15627
15628
15629
15630
15631
15632
15633
15634
15635
15636
15637
15638
15639
15640
15641
15642
15643
15644
15645
15646
15647
15648
15649
15650
15651
15652
15653
15654
15655
15656
15657
15658
15659
15660
15661
15662
15663
15664
15665
15666
15667
15668
15669
15670
15671
15672
15673
15674
15675
15676
15677
15678
15679
15680
15681
15682
15683
15684
15685
15686
15687
15688
15689
15690
15691
15692
15693
15694
15695
15696
15697
15698
15699
15700
15701
15702
15703
15704
15705
15706
15707
15708
15709
15710
15711
15712
15713
15714
15715
15716
15717
15718
15719
15720
15721
15722
15723
15724
15725
15726
15727
15728
15729
15730
15731
15732
15733
15734
15735
15736
15737
15738
15739
15740
15741
15742
15743
15744
15745
15746
15747
15748
15749
15750
15751
15752
15753
15754
15755
15756
15757
15758
15759
15760
15761
15762
15763
15764
15765
15766
15767
15768
15769
15770
15771
15772
15773
15774
15775
15776
15777
15778
15779
15780
15781
15782
15783
15784
15785
15786
15787
15788
15789
15790
15791
15792
15793
15794
15795
15796
15797
15798
15799
15800
15801
15802
15803
15804
15805
15806
15807
15808
15809
15810
15811
15812
15813
15814
15815
15816
15817
15818
15819
15820
15821
15822
15823
15824
15825
15826
15827
15828
15829
15830
15831
15832
15833
15834
15835
15836
15837
15838
15839
15840
15841
15842
15843
15844
15845
15846
15847
15848
15849
15850
15851
15852
15853
15854
15855
15856
15857
15858
15859
15860
15861
15862
15863
15864
15865
15866
15867
15868
15869
15870
15871
15872
15873
15874
15875
15876
15877
15878
15879
15880
15881
15882
15883
15884
15885
15886
15887
15888
15889
15890
15891
15892
15893
15894
15895
15896
15897
15898
15899
15900
15901
15902
15903
15904
15905
15906
15907
15908
15909
15910
15911
15912
15913
15914
15915
15916
15917
15918
15919
15920
15921
15922
15923
15924
15925
15926
15927
15928
15929
15930
15931
15932
15933
15934
15935
15936
15937
15938
15939
15940
15941
15942
15943
15944
15945
15946
15947
15948
15949
15950
15951
15952
15953
15954
15955
15956
15957
15958
15959
15960
15961
15962
15963
15964
15965
15966
15967
15968
15969
15970
15971
15972
15973
15974
15975
15976
15977
15978
15979
15980
15981
15982
15983
15984
15985
15986
15987
15988
15989
15990
15991
15992
15993
15994
15995
15996
15997
15998
15999
16000
16001
16002
16003
16004
16005
16006
16007
16008
16009
16010
16011
16012
16013
16014
16015
16016
16017
16018
16019
16020
16021
16022
16023
16024
16025
16026
16027
16028
16029
16030
16031
16032
16033
16034
16035
16036
16037
16038
16039
16040
16041
16042
16043
16044
16045
16046
16047
16048
16049
16050
16051
16052
16053
16054
16055
16056
16057
16058
16059
16060
16061
16062
16063
16064
16065
16066
16067
16068
16069
16070
16071
16072
16073
16074
16075
16076
16077
16078
16079
16080
16081
16082
16083
16084
16085
16086
16087
16088
16089
16090
16091
16092
16093
16094
16095
16096
16097
16098
16099
16100
16101
16102
16103
16104
16105
16106
16107
16108
16109
16110
16111
16112
16113
16114
16115
16116
16117
16118
16119
16120
16121
16122
16123
16124
16125
16126
16127
16128
16129
16130
16131
16132
16133
16134
16135
16136
16137
16138
16139
16140
16141
16142
16143
16144
16145
16146
16147
16148
16149
16150
16151
16152
16153
16154
16155
16156
16157
16158
16159
16160
16161
16162
16163
16164
16165
16166
16167
16168
16169
16170
16171
16172
16173
16174
16175
16176
16177
16178
16179
16180
16181
16182
16183
16184
16185
16186
16187
16188
16189
16190
16191
16192
16193
16194
16195
16196
16197
16198
16199
16200
16201
16202
16203
16204
16205
16206
16207
16208
16209
16210
16211
16212
16213
16214
16215
16216
16217
16218
16219
16220
16221
16222
16223
16224
16225
16226
16227
16228
16229
16230
16231
16232
16233
16234
16235
16236
16237
16238
16239
16240
16241
16242
16243
16244
16245
16246
16247
16248
16249
16250
16251
16252
16253
16254
16255
16256
16257
16258
16259
16260
16261
16262
16263
16264
16265
16266
16267
16268
16269
16270
16271
16272
16273
16274
16275
16276
16277
16278
16279
16280
16281
16282
16283
16284
16285
16286
16287
16288
16289
16290
16291
16292
16293
16294
16295
16296
16297
16298
16299
16300
16301
16302
16303
16304
16305
16306
16307
16308
16309
16310
16311
16312
16313
16314
16315
16316
16317
16318
16319
16320
16321
16322
16323
16324
16325
16326
16327
16328
16329
16330
16331
16332
16333
16334
16335
16336
16337
16338
16339
16340
16341
16342
16343
16344
16345
16346
16347
16348
16349
16350
16351
16352
16353
16354
16355
16356
16357
16358
16359
16360
16361
16362
16363
16364
16365
16366
16367
16368
16369
16370
16371
16372
16373
16374
16375
16376
16377
16378
16379
16380
16381
16382
16383
16384
16385
16386
16387
16388
16389
16390
16391
16392
16393
16394
16395
16396
16397
16398
16399
16400
16401
16402
16403
16404
16405
16406
16407
16408
16409
16410
16411
16412
16413
16414
16415
16416
16417
16418
16419
16420
16421
16422
16423
16424
16425
16426
16427
16428
16429
16430
16431
16432
16433
16434
16435
16436
16437
16438
16439
16440
16441
16442
16443
16444
16445
16446
16447
16448
16449
16450
16451
16452
16453
16454
16455
16456
16457
16458
16459
16460
16461
16462
16463
16464
16465
16466
16467
16468
16469
16470
16471
16472
16473
16474
16475
16476
16477
16478
16479
16480
16481
16482
16483
16484
16485
16486
16487
16488
16489
16490
16491
16492
16493
16494
16495
16496
16497
16498
16499
16500
16501
16502
16503
16504
16505
16506
16507
16508
16509
16510
16511
16512
16513
16514
16515
16516
16517
16518
16519
16520
16521
16522
16523
16524
16525
16526
16527
16528
16529
16530
16531
16532
16533
16534
16535
16536
16537
16538
16539
16540
16541
16542
16543
16544
16545
16546
16547
16548
16549
16550
16551
16552
16553
16554
16555
16556
16557
16558
16559
16560
16561
16562
16563
16564
16565
16566
16567
16568
16569
16570
16571
16572
16573
16574
16575
16576
16577
16578
16579
16580
16581
16582
16583
16584
16585
16586
16587
16588
16589
16590
16591
16592
16593
16594
16595
16596
16597
16598
16599
16600
16601
16602
16603
16604
16605
16606
16607
16608
16609
16610
16611
16612
16613
16614
16615
16616
16617
16618
16619
16620
16621
16622
16623
16624
16625
16626
16627
16628
16629
16630
16631
16632
16633
16634
16635
16636
16637
16638
16639
16640
16641
16642
16643
16644
16645
16646
16647
16648
16649
16650
16651
16652
16653
16654
16655
16656
16657
16658
16659
16660
16661
16662
16663
16664
16665
16666
16667
16668
16669
16670
16671
16672
16673
16674
16675
16676
16677
16678
16679
16680
16681
16682
16683
16684
16685
16686
16687
16688
16689
16690
16691
16692
16693
16694
16695
16696
16697
16698
16699
16700
16701
16702
16703
16704
16705
16706
16707
16708
16709
16710
16711
16712
16713
16714
16715
16716
16717
16718
16719
16720
16721
16722
16723
16724
16725
16726
16727
16728
16729
16730
16731
16732
16733
16734
16735
16736
16737
16738
16739
16740
16741
16742
16743
16744
16745
16746
16747
16748
16749
16750
16751
16752
16753
16754
16755
16756
16757
16758
16759
16760
16761
16762
16763
16764
16765
16766
16767
16768
16769
16770
16771
16772
16773
16774
16775
16776
16777
16778
16779
16780
16781
16782
16783
16784
16785
16786
16787
16788
16789
16790
16791
16792
16793
16794
16795
16796
16797
16798
16799
16800
16801
16802
16803
16804
16805
16806
16807
16808
16809
16810
16811
16812
16813
16814
16815
16816
16817
16818
16819
16820
16821
16822
16823
16824
16825
16826
16827
16828
16829
16830
16831
16832
16833
16834
16835
16836
16837
16838
16839
16840
16841
16842
16843
16844
16845
16846
16847
16848
16849
16850
16851
16852
16853
16854
16855
16856
16857
16858
16859
16860
16861
16862
16863
16864
16865
16866
16867
16868
16869
16870
16871
16872
16873
16874
16875
16876
16877
16878
16879
16880
16881
16882
16883
16884
16885
16886
16887
16888
16889
16890
16891
16892
16893
16894
16895
16896
16897
16898
16899
16900
16901
16902
16903
16904
16905
16906
16907
16908
16909
16910
16911
16912
16913
16914
16915
16916
16917
16918
16919
16920
16921
16922
16923
16924
16925
16926
16927
16928
16929
16930
16931
16932
16933
16934
16935
16936
16937
16938
16939
16940
16941
16942
16943
16944
16945
16946
16947
16948
16949
16950
16951
16952
16953
16954
16955
16956
16957
16958
16959
16960
16961
16962
16963
16964
16965
16966
16967
16968
16969
16970
16971
16972
16973
16974
16975
16976
16977
16978
16979
16980
16981
16982
16983
16984
16985
16986
16987
16988
16989
16990
16991
16992
16993
16994
16995
16996
16997
16998
16999
17000
17001
17002
17003
17004
17005
17006
17007
17008
17009
17010
17011
17012
17013
17014
17015
17016
17017
17018
17019
17020
17021
17022
17023
17024
17025
17026
17027
17028
17029
17030
17031
17032
17033
17034
17035
17036
17037
17038
17039
17040
17041
17042
17043
17044
17045
17046
17047
17048
17049
17050
17051
17052
17053
17054
17055
17056
17057
17058
17059
17060
17061
17062
17063
17064
17065
17066
17067
17068
17069
17070
17071
17072
17073
17074
17075
17076
17077
17078
17079
17080
17081
17082
17083
17084
17085
17086
17087
17088
17089
17090
17091
17092
17093
17094
17095
17096
17097
17098
17099
17100
17101
17102
17103
17104
17105
17106
17107
17108
17109
17110
17111
17112
17113
17114
17115
17116
17117
17118
17119
17120
17121
17122
17123
17124
17125
17126
17127
17128
17129
17130
17131
17132
17133
17134
17135
17136
17137
17138
17139
17140
17141
17142
17143
17144
17145
17146
17147
17148
17149
17150
17151
17152
17153
17154
17155
17156
17157
17158
17159
17160
17161
17162
17163
17164
17165
17166
17167
17168
17169
17170
17171
17172
17173
17174
17175
17176
17177
17178
17179
17180
17181
17182
17183
17184
17185
17186
17187
17188
17189
17190
17191
17192
17193
17194
17195
17196
17197
17198
17199
17200
17201
17202
17203
17204
17205
17206
17207
17208
17209
17210
17211
17212
17213
17214
17215
17216
17217
17218
17219
17220
17221
17222
17223
17224
17225
17226
17227
17228
17229
17230
17231
17232
17233
17234
17235
17236
17237
17238
17239
17240
17241
17242
17243
17244
17245
17246
17247
17248
17249
17250
17251
17252
17253
17254
17255
17256
17257
17258
17259
17260
17261
17262
17263
17264
17265
17266
17267
17268
17269
17270
17271
17272
17273
17274
17275
17276
17277
17278
17279
17280
17281
17282
17283
17284
17285
17286
17287
17288
17289
17290
17291
17292
17293
17294
17295
17296
17297
17298
17299
17300
17301
17302
17303
17304
17305
17306
17307
17308
17309
17310
17311
17312
17313
17314
17315
17316
17317
17318
17319
17320
17321
17322
17323
17324
17325
17326
17327
17328
17329
17330
17331
17332
17333
17334
17335
17336
17337
17338
17339
17340
17341
17342
17343
17344
17345
17346
17347
17348
17349
17350
17351
17352
17353
17354
17355
17356
17357
17358
17359
17360
17361
17362
17363
17364
17365
17366
17367
17368
17369
17370
17371
17372
17373
17374
17375
17376
17377
17378
17379
17380
17381
17382
17383
17384
17385
17386
17387
17388
17389
17390
17391
17392
17393
17394
17395
17396
17397
17398
17399
17400
17401
17402
17403
17404
17405
17406
17407
17408
17409
17410
17411
17412
17413
17414
17415
17416
17417
17418
17419
17420
17421
17422
17423
17424
17425
17426
17427
17428
17429
17430
17431
17432
17433
17434
17435
17436
17437
17438
17439
17440
17441
17442
17443
17444
17445
17446
17447
17448
17449
17450
17451
17452
17453
17454
17455
17456
17457
17458
17459
17460
17461
17462
17463
17464
17465
17466
17467
17468
17469
17470
17471
17472
17473
17474
17475
17476
17477
17478
17479
17480
17481
17482
17483
17484
17485
17486
17487
17488
17489
17490
17491
17492
17493
17494
17495
17496
17497
17498
17499
17500
17501
17502
17503
17504
17505
17506
17507
17508
17509
17510
17511
17512
17513
17514
17515
17516
17517
17518
17519
17520
17521
17522
17523
17524
17525
17526
17527
17528
17529
17530
17531
17532
17533
17534
17535
17536
17537
17538
17539
17540
17541
17542
17543
17544
17545
17546
17547
17548
17549
17550
17551
17552
17553
17554
17555
17556
17557
17558
17559
17560
17561
17562
17563
17564
17565
17566
17567
17568
17569
17570
17571
17572
17573
17574
17575
17576
17577
17578
17579
17580
17581
17582
17583
17584
17585
17586
17587
17588
17589
17590
17591
17592
17593
17594
17595
17596
17597
17598
17599
17600
17601
17602
17603
17604
17605
17606
17607
17608
17609
17610
17611
17612
17613
17614
17615
17616
17617
17618
17619
17620
17621
17622
17623
17624
17625
17626
17627
17628
17629
17630
17631
17632
17633
17634
17635
17636
17637
17638
17639
17640
17641
17642
17643
17644
17645
17646
17647
17648
17649
17650
17651
17652
17653
17654
17655
17656
17657
17658
17659
17660
17661
17662
17663
17664
17665
17666
17667
17668
17669
17670
17671
17672
17673
17674
17675
17676
17677
17678
17679
17680
17681
17682
17683
17684
17685
17686
17687
17688
17689
17690
17691
17692
17693
17694
17695
17696
17697
17698
17699
17700
17701
17702
17703
17704
17705
17706
17707
17708
17709
17710
17711
17712
17713
17714
17715
17716
17717
17718
17719
17720
17721
17722
17723
17724
17725
17726
17727
17728
17729
17730
17731
17732
17733
17734
17735
17736
17737
17738
17739
17740
17741
17742
17743
17744
17745
17746
17747
17748
17749
17750
17751
17752
17753
17754
17755
17756
17757
17758
17759
17760
17761
17762
17763
17764
17765
17766
17767
17768
17769
17770
17771
17772
17773
17774
17775
17776
17777
17778
17779
17780
17781
17782
17783
17784
17785
17786
17787
17788
17789
17790
17791
17792
17793
17794
17795
17796
17797
17798
17799
17800
17801
17802
17803
17804
17805
17806
17807
17808
17809
17810
17811
17812
17813
17814
17815
17816
17817
17818
17819
17820
17821
17822
17823
17824
17825
17826
17827
17828
17829
17830
17831
17832
17833
17834
17835
17836
17837
17838
17839
17840
17841
17842
17843
17844
17845
17846
17847
17848
17849
17850
17851
17852
17853
17854
17855
17856
17857
17858
17859
17860
17861
17862
17863
17864
17865
17866
17867
17868
17869
17870
17871
17872
17873
17874
17875
17876
17877
17878
17879
17880
17881
17882
17883
17884
17885
17886
17887
17888
17889
17890
17891
17892
17893
17894
17895
17896
17897
17898
17899
17900
17901
17902
17903
17904
17905
17906
17907
17908
17909
17910
17911
17912
17913
17914
17915
17916
17917
17918
17919
17920
17921
17922
17923
17924
17925
17926
17927
17928
17929
17930
17931
17932
17933
17934
17935
17936
17937
17938
17939
17940
17941
17942
17943
17944
17945
17946
17947
17948
17949
17950
17951
17952
17953
17954
17955
17956
17957
17958
17959
17960
17961
17962
17963
17964
17965
17966
17967
17968
17969
17970
17971
17972
17973
17974
17975
17976
17977
17978
17979
17980
17981
17982
17983
17984
17985
17986
17987
17988
17989
17990
17991
17992
17993
17994
17995
17996
17997
17998
17999
18000
18001
18002
18003
18004
18005
18006
18007
18008
18009
18010
18011
18012
18013
18014
18015
18016
18017
18018
18019
18020
18021
18022
18023
18024
18025
18026
18027
18028
18029
18030
18031
18032
18033
18034
18035
18036
18037
18038
18039
18040
18041
18042
18043
18044
18045
18046
18047
18048
18049
18050
18051
18052
18053
18054
18055
18056
18057
18058
18059
18060
18061
18062
18063
18064
18065
18066
18067
18068
18069
18070
18071
18072
18073
18074
18075
18076
18077
18078
18079
18080
18081
18082
18083
18084
18085
18086
18087
18088
18089
18090
18091
18092
18093
18094
18095
18096
18097
18098
18099
18100
18101
18102
18103
18104
18105
18106
18107
18108
18109
18110
18111
18112
18113
18114
18115
18116
18117
18118
18119
18120
18121
18122
18123
18124
18125
18126
18127
18128
18129
18130
18131
18132
18133
18134
18135
18136
18137
18138
18139
18140
18141
18142
18143
18144
18145
18146
18147
18148
18149
18150
18151
18152
18153
18154
18155
18156
18157
18158
18159
18160
18161
18162
18163
18164
18165
18166
18167
18168
18169
18170
18171
18172
18173
18174
18175
18176
18177
18178
18179
18180
18181
18182
18183
18184
18185
18186
18187
18188
18189
18190
18191
18192
18193
18194
18195
18196
18197
18198
18199
18200
18201
18202
18203
18204
18205
18206
18207
18208
18209
18210
18211
18212
18213
18214
18215
18216
18217
18218
18219
18220
18221
18222
18223
18224
18225
18226
18227
18228
18229
18230
18231
18232
18233
18234
18235
18236
18237
18238
18239
18240
18241
18242
18243
18244
18245
18246
18247
18248
18249
18250
18251
18252
18253
18254
18255
18256
18257
18258
18259
18260
18261
18262
18263
18264
18265
18266
18267
18268
18269
18270
18271
18272
18273
18274
18275
18276
18277
18278
18279
18280
18281
18282
18283
18284
18285
18286
18287
18288
18289
18290
18291
18292
18293
18294
18295
18296
18297
18298
18299
18300
18301
18302
18303
18304
18305
18306
18307
18308
18309
18310
18311
18312
18313
18314
18315
18316
18317
18318
18319
18320
18321
18322
18323
18324
18325
18326
18327
18328
18329
18330
18331
18332
18333
18334
18335
18336
18337
18338
18339
18340
18341
18342
18343
18344
18345
18346
18347
18348
18349
18350
18351
18352
18353
18354
18355
18356
18357
18358
18359
18360
18361
18362
18363
18364
18365
18366
18367
18368
18369
18370
18371
18372
18373
18374
18375
18376
18377
18378
18379
18380
18381
18382
18383
18384
18385
18386
18387
18388
18389
18390
18391
18392
18393
18394
18395
18396
18397
18398
18399
18400
18401
18402
18403
18404
18405
18406
18407
18408
18409
18410
18411
18412
18413
18414
18415
18416
18417
18418
18419
18420
18421
18422
18423
18424
18425
18426
18427
18428
18429
18430
18431
18432
18433
18434
18435
18436
18437
18438
18439
18440
18441
18442
18443
18444
18445
18446
18447
18448
18449
18450
18451
18452
18453
18454
18455
18456
18457
18458
18459
18460
18461
18462
18463
18464
18465
18466
18467
18468
18469
18470
18471
18472
18473
18474
18475
18476
18477
18478
18479
18480
18481
18482
18483
18484
18485
18486
18487
18488
18489
18490
18491
18492
18493
18494
18495
18496
18497
18498
18499
18500
18501
18502
18503
18504
18505
18506
18507
18508
18509
18510
18511
18512
18513
18514
18515
18516
18517
18518
18519
18520
18521
18522
18523
18524
18525
18526
18527
18528
18529
18530
18531
18532
18533
18534
18535
18536
18537
18538
18539
18540
18541
18542
18543
18544
18545
18546
18547
18548
18549
18550
18551
18552
18553
18554
18555
18556
18557
18558
18559
18560
18561
18562
18563
18564
18565
18566
18567
18568
18569
18570
18571
18572
18573
18574
18575
18576
18577
18578
18579
18580
18581
18582
18583
18584
18585
18586
18587
18588
18589
18590
18591
18592
18593
18594
18595
18596
18597
18598
18599
18600
18601
18602
18603
18604
18605
18606
18607
18608
18609
18610
18611
18612
18613
18614
18615
18616
18617
18618
18619
18620
18621
18622
18623
18624
18625
18626
18627
18628
18629
18630
18631
18632
18633
18634
18635
18636
18637
18638
18639
18640
18641
18642
18643
18644
18645
18646
18647
18648
18649
18650
18651
18652
18653
18654
18655
18656
18657
18658
18659
18660
18661
18662
18663
18664
18665
18666
18667
18668
18669
18670
18671
18672
18673
18674
18675
18676
18677
18678
18679
18680
18681
18682
18683
18684
18685
18686
18687
18688
18689
18690
18691
18692
18693
18694
18695
18696
18697
18698
18699
18700
18701
18702
18703
18704
18705
18706
18707
18708
18709
18710
18711
18712
18713
18714
18715
18716
18717
18718
18719
18720
18721
18722
18723
18724
18725
18726
18727
18728
18729
18730
18731
18732
18733
18734
18735
18736
18737
18738
18739
18740
18741
18742
18743
18744
18745
18746
18747
18748
18749
18750
18751
18752
18753
18754
18755
18756
18757
18758
18759
18760
18761
18762
18763
18764
18765
18766
18767
18768
18769
18770
18771
18772
18773
18774
18775
18776
18777
18778
18779
18780
18781
18782
18783
18784
18785
18786
18787
18788
18789
18790
18791
18792
18793
18794
18795
18796
18797
18798
18799
18800
18801
18802
18803
18804
18805
18806
18807
18808
18809
18810
18811
18812
18813
18814
18815
18816
18817
18818
18819
18820
18821
18822
18823
18824
18825
18826
18827
18828
18829
18830
18831
18832
18833
18834
18835
18836
18837
18838
18839
18840
18841
18842
18843
18844
18845
18846
18847
18848
18849
18850
18851
18852
18853
18854
18855
18856
18857
18858
18859
18860
18861
18862
18863
18864
18865
18866
18867
18868
18869
18870
18871
18872
18873
18874
18875
18876
18877
18878
18879
18880
18881
18882
18883
18884
18885
18886
18887
18888
18889
18890
18891
18892
18893
18894
18895
18896
18897
18898
18899
18900
18901
18902
18903
18904
18905
18906
18907
18908
18909
18910
18911
18912
18913
18914
18915
18916
18917
18918
18919
18920
18921
18922
18923
18924
18925
18926
18927
18928
18929
18930
18931
18932
18933
18934
18935
18936
18937
18938
18939
18940
18941
18942
18943
18944
18945
18946
18947
18948
18949
18950
18951
18952
18953
18954
18955
18956
18957
18958
18959
18960
18961
18962
18963
18964
18965
18966
18967
18968
18969
18970
18971
18972
18973
18974
18975
18976
18977
18978
18979
18980
18981
18982
18983
18984
18985
18986
18987
18988
18989
18990
18991
18992
18993
18994
18995
18996
18997
18998
18999
19000
19001
19002
19003
19004
19005
19006
19007
19008
19009
19010
19011
19012
19013
19014
19015
19016
19017
19018
19019
19020
19021
19022
19023
19024
19025
19026
19027
19028
19029
19030
19031
19032
19033
19034
19035
19036
19037
19038
19039
19040
19041
19042
19043
19044
19045
19046
19047
19048
19049
19050
19051
19052
19053
19054
19055
19056
19057
19058
19059
19060
19061
19062
19063
19064
19065
19066
19067
19068
19069
19070
19071
19072
19073
19074
19075
19076
19077
19078
19079
19080
19081
19082
19083
19084
19085
19086
19087
19088
19089
19090
19091
19092
19093
19094
19095
19096
19097
19098
19099
19100
19101
19102
19103
19104
19105
19106
19107
19108
19109
19110
19111
19112
19113
19114
19115
19116
19117
19118
19119
19120
19121
19122
19123
19124
19125
19126
19127
19128
19129
19130
19131
19132
19133
19134
19135
19136
19137
19138
19139
19140
19141
19142
19143
19144
19145
19146
19147
19148
19149
19150
19151
19152
19153
19154
19155
19156
19157
19158
19159
19160
19161
19162
19163
19164
19165
19166
19167
19168
19169
19170
19171
19172
19173
19174
19175
19176
19177
19178
19179
19180
19181
19182
19183
19184
19185
19186
19187
19188
19189
19190
19191
19192
19193
19194
19195
19196
19197
19198
19199
19200
19201
19202
19203
19204
19205
19206
19207
19208
19209
19210
19211
19212
19213
19214
19215
19216
19217
19218
19219
19220
19221
19222
19223
19224
19225
19226
19227
19228
19229
19230
19231
19232
19233
19234
19235
19236
19237
19238
19239
19240
19241
19242
19243
19244
19245
19246
19247
19248
19249
19250
19251
19252
19253
19254
19255
19256
19257
19258
19259
19260
19261
19262
19263
19264
19265
19266
19267
19268
19269
19270
19271
19272
19273
19274
19275
19276
19277
19278
19279
19280
19281
19282
19283
19284
19285
19286
19287
19288
19289
19290
19291
19292
19293
19294
19295
19296
19297
19298
19299
19300
19301
19302
19303
19304
19305
19306
19307
19308
19309
19310
19311
19312
19313
19314
19315
19316
19317
19318
19319
19320
19321
19322
19323
19324
19325
19326
19327
19328
19329
19330
19331
19332
19333
19334
19335
19336
19337
19338
19339
19340
19341
19342
19343
19344
19345
19346
19347
19348
19349
19350
19351
19352
19353
19354
19355
19356
19357
19358
19359
19360
19361
19362
19363
19364
19365
19366
19367
19368
19369
19370
19371
19372
19373
19374
19375
19376
19377
19378
19379
19380
19381
19382
19383
19384
19385
19386
19387
19388
19389
19390
19391
19392
19393
19394
19395
19396
19397
19398
19399
19400
19401
19402
19403
19404
19405
19406
19407
19408
19409
19410
19411
19412
19413
19414
19415
19416
19417
19418
19419
19420
19421
19422
19423
19424
19425
19426
19427
19428
19429
19430
19431
19432
19433
19434
19435
19436
19437
19438
19439
19440
19441
19442
19443
19444
19445
19446
19447
19448
19449
19450
19451
19452
19453
19454
19455
19456
19457
19458
19459
19460
19461
19462
19463
19464
19465
19466
19467
19468
19469
19470
19471
19472
19473
19474
19475
19476
19477
19478
19479
19480
19481
19482
19483
19484
19485
19486
19487
19488
19489
19490
19491
19492
19493
19494
19495
19496
19497
19498
19499
19500
19501
19502
19503
19504
19505
19506
19507
19508
19509
19510
19511
19512
19513
19514
19515
19516
19517
19518
19519
19520
19521
19522
19523
19524
19525
19526
19527
19528
19529
19530
19531
19532
19533
19534
19535
19536
19537
19538
19539
19540
19541
19542
19543
19544
19545
19546
19547
19548
19549
19550
19551
19552
19553
19554
19555
19556
19557
19558
19559
19560
19561
19562
19563
19564
19565
19566
19567
19568
19569
19570
19571
19572
19573
19574
19575
19576
19577
19578
19579
19580
19581
19582
19583
19584
19585
19586
19587
19588
19589
19590
19591
19592
19593
19594
19595
19596
19597
19598
19599
19600
19601
19602
19603
19604
19605
19606
19607
19608
19609
19610
19611
19612
19613
19614
19615
19616
19617
19618
19619
19620
19621
19622
19623
19624
19625
19626
19627
19628
19629
19630
19631
19632
19633
19634
19635
19636
19637
19638
19639
19640
19641
19642
19643
19644
19645
19646
19647
19648
19649
19650
19651
19652
19653
19654
19655
19656
19657
19658
19659
19660
19661
19662
19663
19664
19665
19666
19667
19668
19669
19670
19671
19672
19673
19674
19675
19676
19677
19678
19679
19680
19681
19682
19683
19684
19685
19686
19687
19688
19689
19690
19691
19692
19693
19694
19695
19696
19697
19698
19699
19700
19701
19702
19703
19704
19705
19706
19707
19708
19709
19710
19711
19712
19713
19714
19715
19716
19717
19718
19719
19720
19721
19722
19723
19724
19725
19726
19727
19728
19729
19730
19731
19732
19733
19734
19735
19736
19737
19738
19739
19740
19741
19742
19743
19744
19745
19746
19747
19748
19749
19750
19751
19752
19753
19754
19755
19756
19757
19758
19759
19760
19761
19762
19763
19764
19765
19766
19767
19768
19769
19770
19771
19772
19773
19774
19775
19776
19777
19778
19779
19780
19781
19782
19783
19784
19785
19786
19787
19788
19789
19790
19791
19792
19793
19794
19795
19796
19797
19798
19799
19800
19801
19802
19803
19804
19805
19806
19807
19808
19809
19810
19811
19812
19813
19814
19815
19816
19817
19818
19819
19820
19821
19822
19823
19824
19825
19826
19827
19828
19829
19830
19831
19832
19833
19834
19835
19836
19837
19838
19839
19840
19841
19842
19843
19844
19845
19846
19847
19848
19849
19850
19851
19852
19853
19854
19855
19856
19857
19858
19859
19860
19861
19862
19863
19864
19865
19866
19867
19868
19869
19870
19871
19872
19873
19874
19875
19876
19877
19878
19879
19880
19881
19882
19883
19884
19885
19886
19887
19888
19889
19890
19891
19892
19893
19894
19895
19896
19897
19898
19899
19900
19901
19902
19903
19904
19905
19906
19907
19908
19909
19910
19911
19912
19913
19914
19915
19916
19917
19918
19919
19920
19921
19922
19923
19924
19925
19926
19927
19928
19929
19930
19931
19932
19933
19934
19935
19936
19937
19938
19939
19940
19941
19942
19943
19944
19945
19946
19947
19948
19949
19950
19951
19952
19953
19954
19955
19956
19957
19958
19959
19960
19961
19962
19963
19964
19965
19966
19967
19968
19969
19970
19971
19972
19973
19974
19975
19976
19977
19978
19979
19980
19981
19982
19983
19984
19985
19986
19987
19988
19989
19990
19991
19992
19993
19994
19995
19996
19997
19998