1
2
3
4
0
5
6
0
7
8
1
9
10
1
11
12
2
13
14
2
15
16
3
17
18
3
19
20
4
21
22
4
23
24
5
25
26
5
27
28
6
29
30
6
31
32
7
33
34
7
35
36
8
37
38
8
39
40
9
41
42
9
43
44
10
45
46
10
47
48
11
49
50
11
51
52
12
53
54
12
55
56
13
57
58
13
59
60
14
61
62
14
63
64
15
65
66
15
67
68
16
69
70
16
71
72
17
73
74
17
75
76
18
77
78
18
79
80
19
81
82
19
83
84
20
85
86
20
87
88
21
89
90
21
91
92
22
93
94
22
95
96
23
97
98
23
99
100
24
101
102
24
103
104
25
105
106
25
107
108
26
109
110
26
111
112
27
113
114
27
115
116
28
117
118
28
119
120
29
121
122
29
123
124
30
125
126
30
127
128
31
129
130
31
131
132
32
133
134
32
135
136
33
137
138
33
139
140
34
141
142
34
143
144
35
145
146
35
147
148
36
149
150
36
151
152
37
153
154
37
155
156
38
157
158
38
159
160
39
161
162
39
163
164
40
165
166
40
167
168
41
169
170
41
171
172
42
173
174
42
175
176
43
177
178
43
179
180
44
181
182
44
183
184
45
185
186
45
187
188
46
189
190
46
191
192
47
193
194
47
195
196
48
197
198
48
199
200
49
201
202
49
203
204
50
205
206
50
207
208
51
209
210
51
211
212
52
213
214
52
215
216
53
217
218
53
219
220
54
221
222
54
223
224
55
225
226
55
227
228
56
229
230
56
231
232
57
233
234
57
235
236
58
237
238
58
239
240
59
241
242
59
243
244
60
245
246
60
247
248
61
249
250
61
251
252
62
253
254
62
255
256
63
257
258
63
259
260
64
261
262
64
263
264
65
265
266
65
267
268
66
269
270
66
271
272
67
273
274
67
275
276
68
277
278
68
279
280
69
281
282
69
283
284
70
285
286
70
287
288
71
289
290
71
291
292
72
293
294
72
295
296
73
297
298
73
299
300
74
301
302
74
303
304
75
305
306
75
307
308
76
309
310
76
311
312
77
313
314
77
315
316
78
317
318
78
319
320
79
321
322
79
323
324
80
325
326
80
327
328
81
329
330
81
331
332
82
333
334
82
335
336
83
337
338
83
339
340
84
341
342
84
343
344
85
345
346
85
347
348
86
349
350
86
351
352
87
353
354
87
355
356
88
357
358
88
359
360
89
361
362
89
363
364
90
365
366
90
367
368
91
369
370
91
371
372
92
373
374
92
375
376
93
377
378
93
379
380
94
381
382
94
383
384
95
385
386
95
387
388
96
389
390
96
391
392
97
393
394
97
395
396
98
397
398
98
399
400
99
401
402
99
403
404
100
405
406
100
407
408
101
409
410
101
411
412
102
413
414
102
415
416
103
417
418
103
419
420
104
421
422
104
423
424
105
425
426
105
427
428
106
429
430
106
431
432
107
433
434
107
435
436
108
437
438
108
439
440
109
441
442
109
443
444
110
445
446
110
447
448
111
449
450
111
451
452
112
453
454
112
455
456
113
457
458
113
459
460
114
461
462
114
463
464
115
465
466
115
467
468
116
469
470
116
471
472
117
473
474
117
475
476
118
477
478
118
479
480
119
481
482
119
483
484
120
485
486
120
487
488
121
489
490
121
491
492
122
493
494
122
495
496
123
497
498
123
499
500
124
501
502
124
503
504
125
505
506
125
507
508
126
509
510
126
511
512
127
513
514
127
515
516
128
517
518
128
519
520
129
521
522
129
523
524
130
525
526
130
527
528
131
529
530
131
531
532
132
533
534
132
535
536
133
537
538
133
539
540
134
541
542
134
543
544
135
545
546
135
547
548
136
549
550
136
551
552
137
553
554
137
555
556
138
557
558
138
559
560
139
561
562
139
563
564
140
565
566
140
567
568
141
569
570
141
571
572
142
573
574
142
575
576
143
577
578
143
579
580
144
581
582
144
583
584
145
585
586
145
587
588
146
589
590
146
591
592
147
593
594
147
595
596
148
597
598
148
599
600
149
601
602
149
603
604
150
605
606
150
607
608
151
609
610
151
611
612
152
613
614
152
615
616
153
617
618
153
619
620
154
621
622
154
623
624
155
625
626
155
627
628
156
629
630
156
631
632
157
633
634
157
635
636
158
637
638
158
639
640
159
641
642
159
643
644
160
645
646
160
647
648
161
649
650
161
651
652
162
653
654
162
655
656
163
657
658
163
659
660
164
661
662
164
663
664
165
665
666
165
667
668
166
669
670
166
671
672
167
673
674
167
675
676
168
677
678
168
679
680
169
681
682
169
683
684
170
685
686
170
687
688
171
689
690
171
691
692
172
693
694
172
695
696
173
697
698
173
699
700
174
701
702
174
703
704
175
705
706
175
707
708
176
709
710
176
711
712
177
713
714
177
715
716
178
717
718
178
719
720
179
721
722
179
723
724
180
725
726
180
727
728
181
729
730
181
731
732
182
733
734
182
735
736
183
737
738
183
739
740
184
741
742
184
743
744
185
745
746
185
747
748
186
749
750
186
751
752
187
753
754
187
755
756
188
757
758
188
759
760
189
761
762
189
763
764
190
765
766
190
767
768
191
769
770
191
771
772
192
773
774
192
775
776
193
777
778
193
779
780
194
781
782
194
783
784
195
785
786
195
787
788
196
789
790
196
791
792
197
793
794
197
795
796
198
797
798
198
799
800
199
801
802
199
803
804
200
805
806
200
807
808
201
809
810
201
811
812
202
813
814
202
815
816
203
817
818
203
819
820
204
821
822
204
823
824
205
825
826
205
827
828
206
829
830
206
831
832
207
833
834
207
835
836
208
837
838
208
839
840
209
841
842
209
843
844
210
845
846
210
847
848
211
849
850
211
851
852
212
853
854
212
855
856
213
857
858
213
859
860
214
861
862
214
863
864
215
865
866
215
867
868
216
869
870
216
871
872
217
873
874
217
875
876
218
877
878
218
879
880
219
881
882
219
883
884
220
885
886
220
887
888
221
889
890
221
891
892
222
893
894
222
895
896
223
897
898
223
899
900
224
901
902
224
903
904
225
905
906
225
907
908
226
909
910
226
911
912
227
913
914
227
915
916
228
917
918
228
919
920
229
921
922
229
923
924
230
925
926
230
927
928
231
929
930
231
931
932
232
933
934
232
935
936
233
937
938
233
939
940
234
941
942
234
943
944
235
945
946
235
947
948
236
949
950
236
951
952
237
953
954
237
955
956
238
957
958
238
959
960
239
961
962
239
963
964
240
965
966
240
967
968
241
969
970
241
971
972
242
973
974
242
975
976
243
977
978
243
979
980
244
981
982
244
983
984
245
985
986
245
987
988
246
989
990
246
991
992
247
993
994
247
995
996
248
997
998
248
999
249
249
250
250
251
251
252
252
253
253
254
254
255
255
256
256
257
257
258
258
259
259
260
260
261
261
262
262
263
263
264
264
265
265
266
266
267
267
268
268
269
269
270
270
271
271
272
272
273
273
274
274
275
275
276
276
277
277
278
278
279
279
280
280
281
281
282
282
283
283
284
284
285
285
286
286
287
287
288
288
289
289
290
290
291
291
292
292
293
293
294
294
295
295
296
296
297
297
298
298
299
299
300
300
301
301
302
302
303
303
304
304
305
305
306
306
307
307
308
308
309
309
310
310
311
311
312
312
313
313
314
314
315
315
316
316
317
317
318
318
319
319
320
320
321
321
322
322
323
323
324
324
325
325
326
326
327
327
328
328
329
329
330
330
331
331
332
332
333
333
334
334
335
335
336
336
337
337
338
338
339
339
340
340
341
341
342
342
343
343
344
344
345
345
346
346
347
347
348
348
349
349
350
350
351
351
352
352
353
353
354
354
355
355
356
356
357
357
358
358
359
359
360
360
361
361
362
362
363
363
364
364
365
365
366
366
367
367
368
368
369
369
370
370
371
371
372
372
373
373
374
374
375
375
376
376
377
377
378
378
379
379
380
380
381
381
382
382
383
383
384
384
385
385
386
386
387
387
388
388
389
389
390
390
391
391
392
392
393
393
394
394
395
395
396
396
397
397
398
398
399
399
400
400
401
401
402
402
403
403
404
404
405
405
406
406
407
407
408
408
409
409
410
410
411
411
412
412
413
413
414
414
415
415
416
416
417
417
418
418
419
419
420
420
421
421
422
422
423
423
424
424
425
425
426
426
427
427
428
428
429
429
430
430
431
431
432
432
433
433
434
434
435
435
436
436
437
437
438
438
439
439
440
440
441
441
442
442
443
443
444
444
445
445
446
446
447
447
448
448
449
449
450
450
451
451
452
452
453
453
454
454
455
455
456
456
457
457
458
458
459
459
460
460
461
461
462
462
463
463
464
464
465
465
466
466
467
467
468
468
469
469
470
470
471
471
472
472
473
473
474
474
475
475
476
476
477
477
478
478
479
479
480
480
481
481
482
482
483
483
484
484
485
485
486
486
487
487
488
488
489
489
490
490
491
491
492
492
493
493
494
494
495
495
496
496
497
497
498
498
499