1
2
3
4
0
5
6
0
7
8
1
9
10
1
11
12
2
13
14
2
15
16
3
17
18
3
19
20
4
21
22
4
23
24
5
25
26
5
27
28
6
29
30
6
31
32
7
33
34
7
35
36
8
37
38
8
39
40
9
41
42
9
43
44
10
45
46
10
47
48
11
49
50
11
51
52
12
53
54
12
55
56
13
57
58
13
59
60
14
61
62
14
63
64
15
65
66
15
67
68
16
69
70
16
71
72
17
73
74
17
75
76
18
77
78
18
79
80
19
81
82
19
83
84
20
85
86
20
87
88
21
89
90
21
91
92
22
93
94
22
95
96
23
97
98
23
99
100
24
101
102
24
103
104
25
105
106
25
107
108
26
109
110
26
111
112
27
113
114
27
115
116
28
117
118
28
119
120
29
121
122
29
123
124
30
125
126
30
127
128
31
129
130
31
131
132
32
133
134
32
135
136
33
137
138
33
139
140
34
141
142
34
143
144
35
145
146
35
147
148
36
149
150
36
151
152
37
153
154
37
155
156
38
157
158
38
159
160
39
161
162
39
163
164
40
165
166
40
167
168
41
169
170
41
171
172
42
173
174
42
175
176
43
177
178
43
179
180
44
181
182
44
183
184
45
185
186
45
187
188
46
189
190
46
191
192
47
193
194
47
195
196
48
197
198
48
199
200
49
201
202
49
203
204
50
205
206
50
207
208
51
209
210
51
211
212
52
213
214
52
215
216
53
217
218
53
219
220
54
221
222
54
223
224
55
225
226
55
227
228
56
229
230
56
231
232
57
233
234
57
235
236
58
237
238
58
239
240
59
241
242
59
243
244
60
245
246
60
247
248
61
249
250
61
251
252
62
253
254
62
255
256
63
257
258
63
259
260
64
261
262
64
263
264
65
265
266
65
267
268
66
269
270
66
271
272
67
273
274
67
275
276
68
277
278
68
279
280
69
281
282
69
283
284
70
285
286
70
287
288
71
289
290
71
291
292
72
293
294
72
295
296
73
297
298
73
299
300
74
301
302
74
303
304
75
305
306
75
307
308
76
309
310
76
311
312
77
313
314
77
315
316
78
317
318
78
319
320
79
321
322
79
323
324
80
325
326
80
327
328
81
329
330
81
331
332
82
333
334
82
335
336
83
337
338
83
339
340
84
341
342
84
343
344
85
345
346
85
347
348
86
349
350
86
351
352
87
353
354
87
355
356
88
357
358
88
359
360
89
361
362
89
363
364
90
365
366
90
367
368
91
369
370
91
371
372
92
373
374
92
375
376
93
377
378
93
379
380
94
381
382
94
383
384
95
385
386
95
387
388
96
389
390
96
391
392
97
393
394
97
395
396
98
397
398
98
399
400
99
401
402
99
403
404
100
405
406
100
407
408
101
409
410
101
411
412
102
413
414
102
415
416
103
417
418
103
419
420
104
421
422
104
423
424
105
425
426
105
427
428
106
429
430
106
431
432
107
433
434
107
435
436
108
437
438
108
439
440
109
441
442
109
443
444
110
445
446
110
447
448
111
449
450
111
451
452
112
453
454
112
455
456
113
457
458
113
459
460
114
461
462
114
463
464
115
465
466
115
467
468
116
469
470
116
471
472
117
473
474
117
475
476
118
477
478
118
479
480
119
481
482
119
483
484
120
485
486
120
487
488
121
489
490
121
491
492
122
493
494
122
495
496
123
497
498
123
499
500
124
501
502
124
503
504
125
505
506
125
507
508
126
509
510
126
511
512
127
513
514
127
515
516
128
517
518
128
519
520
129
521
522
129
523
524
130
525
526
130
527
528
131
529
530
131
531
532
132
533
534
132
535
536
133
537
538
133
539
540
134
541
542
134
543
544
135
545
546
135
547
548
136
549
550
136
551
552
137
553
554
137
555
556
138
557
558
138
559
560
139
561
562
139
563
564
140
565
566
140
567
568
141
569
570
141
571
572
142
573
574
142
575
576
143
577
578
143
579
580
144
581
582
144
583
584
145
585
586
145
587
588
146
589
590
146
591
592
147
593
594
147
595
596
148
597
598
148
599
600
149
601
602
149
603
604
150
605
606
150
607
608
151
609
610
151
611
612
152
613
614
152
615
616
153
617
618
153
619
620
154
621
622
154
623
624
155
625
626
155
627
628
156
629
630
156
631
632
157
633
634
157
635
636
158
637
638
158
639
640
159
641
642
159
643
644
160
645
646
160
647
648
161
649
650
161
651
652
162
653
654
162
655
656
163
657
658
163
659
660
164
661
662
164
663
664
165
665
666
165
667
668
166
669
670
166
671
672
167
673
674
167
675
676
168
677
678
168
679
680
169
681
682
169
683
684
170
685
686
170
687
688
171
689
690
171
691
692
172
693
694
172
695
696
173
697
698
173
699
700
174
701
702
174
703
704
175
705
706
175
707
708
176
709
710
176
711
712
177
713
714
177
715
716
178
717
718
178
719
720
179
721
722
179
723
724
180
725
726
180
727
728
181
729
730
181
731
732
182
733
734
182
735
736
183
737
738
183
739
740
184
741
742
184
743
744
185
745
746
185
747
748
186
749
750
186
751
752
187
753
754
187
755
756
188
757
758
188
759
760
189
761
762
189
763
764
190
765
766
190
767
768
191
769
770
191
771
772
192
773
774
192
775
776
193
777
778
193
779
780
194
781
782
194
783
784
195
785
786
195
787
788
196
789
790
196
791
792
197
793
794
197
795
796
198
797
798
198
799
800
199
801
802
199
803
804
200
805
806
200
807
808
201
809
810
201
811
812
202
813
814
202
815
816
203
817
818
203
819
820
204
821
822
204
823
824
205
825
826
205
827
828
206
829
830
206
831
832
207
833
834
207
835
836
208
837
838
208
839
840
209
841
842
209
843
844
210
845
846
210
847
848
211
849
850
211
851
852
212
853
854
212
855
856
213
857
858
213
859
860
214
861
862
214
863
864
215
865
866
215
867
868
216
869
870
216
871
872
217
873
874
217
875
876
218
877
878
218
879
880
219
881
882
219
883
884
220
885
886
220
887
888
221
889
890
221
891
892
222
893
894
222
895
896
223
897
898
223
899
900
224
901
902
224
903
904
225
905
906
225
907
908
226
909
910
226
911
912
227
913
914
227
915
916
228
917
918
228
919
920
229
921
922
229
923
924
230
925
926
230
927
928
231
929
930
231
931
932
232
933
934
232
935
936
233
937
938
233
939
940
234
941
942
234
943
944
235
945
946
235
947
948
236
949
950
236
951
952
237
953
954
237
955
956
238
957
958
238
959
960
239
961
962
239
963
964
240
965
966
240
967
968
241
969
970
241
971
972
242
973
974
242
975
976
243
977
978
243
979
980
244
981
982
244
983
984
245
985
986
245
987
988
246
989
990
246
991
992
247
993
994
247
995
996
248
997
998
248
999
1000
249
1001
1002
249
1003
1004
250
1005
1006
250
1007
1008
251
1009
1010
251
1011
1012
252
1013
1014
252
1015
1016
253
1017
1018
253
1019
1020
254
1021
1022
254
1023
1024
255
1025
1026
255
1027
1028
256
1029
1030
256
1031
1032
257
1033
1034
257
1035
1036
258
1037
1038
258
1039
1040
259
1041
1042
259
1043
1044
260
1045
1046
260
1047
1048
261
1049
1050
261
1051
1052
262
1053
1054
262
1055
1056
263
1057
1058
263
1059
1060
264
1061
1062
264
1063
1064
265
1065
1066
265
1067
1068
266
1069
1070
266
1071
1072
267
1073
1074
267
1075
1076
268
1077
1078
268
1079
1080
269
1081
1082
269
1083
1084
270
1085
1086
270
1087
1088
271
1089
1090
271
1091
1092
272
1093
1094
272
1095
1096
273
1097
1098
273
1099
1100
274
1101
1102
274
1103
1104
275
1105
1106
275
1107
1108
276
1109
1110
276
1111
1112
277
1113
1114
277
1115
1116
278
1117
1118
278
1119
1120
279
1121
1122
279
1123
1124
280
1125
1126
280
1127
1128
281
1129
1130
281
1131
1132
282
1133
1134
282
1135
1136
283
1137
1138
283
1139
1140
284
1141
1142
284
1143
1144
285
1145
1146
285
1147
1148
286
1149
1150
286
1151
1152
287
1153
1154
287
1155
1156
288
1157
1158
288
1159
1160
289
1161
1162
289
1163
1164
290
1165
1166
290
1167
1168
291
1169
1170
291
1171
1172
292
1173
1174
292
1175
1176
293
1177
1178
293
1179
1180
294
1181
1182
294
1183
1184
295
1185
1186
295
1187
1188
296
1189
1190
296
1191
1192
297
1193
1194
297
1195
1196
298
1197
1198
298
1199
1200
299
1201
1202
299
1203
1204
300
1205
1206
300
1207
1208
301
1209
1210
301
1211
1212
302
1213
1214
302
1215
1216
303
1217
1218
303
1219
1220
304
1221
1222
304
1223
1224
305
1225
1226
305
1227
1228
306
1229
1230
306
1231
1232
307
1233
1234
307
1235
1236
308
1237
1238
308
1239
1240
309
1241
1242
309
1243
1244
310
1245
1246
310
1247
1248
311
1249
1250
311
1251
1252
312
1253
1254
312
1255
1256
313
1257
1258
313
1259
1260
314
1261
1262
314
1263
1264
315
1265
1266
315
1267
1268
316
1269
1270
316
1271
1272
317
1273
1274
317
1275
1276
318
1277
1278
318
1279
1280
319
1281
1282
319
1283
1284
320
1285
1286
320
1287
1288
321
1289
1290
321
1291
1292
322
1293
1294
322
1295
1296
323
1297
1298
323
1299
1300
324
1301
1302
324
1303
1304
325
1305
1306
325
1307
1308
326
1309
1310
326
1311
1312
327
1313
1314
327
1315
1316
328
1317
1318
328
1319
1320
329
1321
1322
329
1323
1324
330
1325
1326
330
1327
1328
331
1329
1330
331
1331
1332
332
1333
1334
332
1335
1336
333
1337
1338
333
1339
1340
334
1341
1342
334
1343
1344
335
1345
1346
335
1347
1348
336
1349
1350
336
1351
1352
337
1353
1354
337
1355
1356
338
1357
1358
338
1359
1360
339
1361
1362
339
1363
1364
340
1365
1366
340
1367
1368
341
1369
1370
341
1371
1372
342
1373
1374
342
1375
1376
343
1377
1378
343
1379
1380
344
1381
1382
344
1383
1384
345
1385
1386
345
1387
1388
346
1389
1390
346
1391
1392
347
1393
1394
347
1395
1396
348
1397
1398
348
1399
1400
349
1401
1402
349
1403
1404
350
1405
1406
350
1407
1408
351
1409
1410
351
1411
1412
352
1413
1414
352
1415
1416
353
1417
1418
353
1419
1420
354
1421
1422
354
1423
1424
355
1425
1426
355
1427
1428
356
1429
1430
356
1431
1432
357
1433
1434
357
1435
1436
358
1437
1438
358
1439
1440
359
1441
1442
359
1443
1444
360
1445
1446
360
1447
1448
361
1449
1450
361
1451
1452
362
1453
1454
362
1455
1456
363
1457
1458
363
1459
1460
364
1461
1462
364
1463
1464
365
1465
1466
365
1467
1468
366
1469
1470
366
1471
1472
367
1473
1474
367
1475
1476
368
1477
1478
368
1479
1480
369
1481
1482
369
1483
1484
370
1485
1486
370
1487
1488
371
1489
1490
371
1491
1492
372
1493
1494
372
1495
1496
373
1497
1498
373
1499
1500
374
1501
1502
374
1503
1504
375
1505
1506
375
1507
1508
376
1509
1510
376
1511
1512
377
1513
1514
377
1515
1516
378
1517
1518
378
1519
1520
379
1521
1522
379
1523
1524
380
1525
1526
380
1527
1528
381
1529
1530
381
1531
1532
382
1533
1534
382
1535
1536
383
1537
1538
383
1539
1540
384
1541
1542
384
1543
1544
385
1545
1546
385
1547
1548
386
1549
1550
386
1551
1552
387
1553
1554
387
1555
1556
388
1557
1558
388
1559
1560
389
1561
1562
389
1563
1564
390
1565
1566
390
1567
1568
391
1569
1570
391
1571
1572
392
1573
1574
392
1575
1576
393
1577
1578
393
1579
1580
394
1581
1582
394
1583
1584
395
1585
1586
395
1587
1588
396
1589
1590
396
1591
1592
397
1593
1594
397
1595
1596
398
1597
1598
398
1599
1600
399
1601
1602
399
1603
1604
400
1605
1606
400
1607
1608
401
1609
1610
401
1611
1612
402
1613
1614
402
1615
1616
403
1617
1618
403
1619
1620
404
1621
1622
404
1623
1624
405
1625
1626
405
1627
1628
406
1629
1630
406
1631
1632
407
1633
1634
407
1635
1636
408
1637
1638
408
1639
1640
409
1641
1642
409
1643
1644
410
1645
1646
410
1647
1648
411
1649
1650
411
1651
1652
412
1653
1654
412
1655
1656
413
1657
1658
413
1659
1660
414
1661
1662
414
1663
1664
415
1665
1666
415
1667
1668
416
1669
1670
416
1671
1672
417
1673
1674
417
1675
1676
418
1677
1678
418
1679
1680
419
1681
1682
419
1683
1684
420
1685
1686
420
1687
1688
421
1689
1690
421
1691
1692
422
1693
1694
422
1695
1696
423
1697
1698
423
1699
1700
424
1701
1702
424
1703
1704
425
1705
1706
425
1707
1708
426
1709
1710
426
1711
1712
427
1713
1714
427
1715
1716
428
1717
1718
428
1719
1720
429
1721
1722
429
1723
1724
430
1725
1726
430
1727
1728
431
1729
1730
431
1731
1732
432
1733
1734
432
1735
1736
433
1737
1738
433
1739
1740
434
1741
1742
434
1743
1744
435
1745
1746
435
1747
1748
436
1749
1750
436
1751
1752
437
1753
1754
437
1755
1756
438
1757
1758
438
1759
1760
439
1761
1762
439
1763
1764
440
1765
1766
440
1767
1768
441
1769
1770
441
1771
1772
442
1773
1774
442
1775
1776
443
1777
1778
443
1779
1780
444
1781
1782
444
1783
1784
445
1785
1786
445
1787
1788
446
1789
1790
446
1791
1792
447
1793
1794
447
1795
1796
448
1797
1798
448
1799
1800
449
1801
1802
449
1803
1804
450
1805
1806
450
1807
1808
451
1809
1810
451
1811
1812
452
1813
1814
452
1815
1816
453
1817
1818
453
1819
1820
454
1821
1822
454
1823
1824
455
1825
1826
455
1827
1828
456
1829
1830
456
1831
1832
457
1833
1834
457
1835
1836
458
1837
1838
458
1839
1840
459
1841
1842
459
1843
1844
460
1845
1846
460
1847
1848
461
1849
1850
461
1851
1852
462
1853
1854
462
1855
1856
463
1857
1858
463
1859
1860
464
1861
1862
464
1863
1864
465
1865
1866
465
1867
1868
466
1869
1870
466
1871
1872
467
1873
1874
467
1875
1876
468
1877
1878
468
1879
1880
469
1881
1882
469
1883
1884
470
1885
1886
470
1887
1888
471
1889
1890
471
1891
1892
472
1893
1894
472
1895
1896
473
1897
1898
473
1899
1900
474
1901
1902
474
1903
1904
475
1905
1906
475
1907
1908
476
1909
1910
476
1911
1912
477
1913
1914
477
1915
1916
478
1917
1918
478
1919
1920
479
1921
1922
479
1923
1924
480
1925
1926
480
1927
1928
481
1929
1930
481
1931
1932
482
1933
1934
482
1935
1936
483
1937
1938
483
1939
1940
484
1941
1942
484
1943
1944
485
1945
1946
485
1947
1948
486
1949
1950
486
1951
1952
487
1953
1954
487
1955
1956
488
1957
1958
488
1959
1960
489
1961
1962
489
1963
1964
490
1965
1966
490
1967
1968
491
1969
1970
491
1971
1972
492
1973
1974
492
1975
1976
493
1977
1978
493
1979
1980
494
1981
1982
494
1983
1984
495
1985
1986
495
1987
1988
496
1989
1990
496
1991
1992
497
1993
1994
497
1995
1996
498
1997
1998
498
1999
2000
499
2001
2002
499
2003
2004
500
2005
2006
500
2007
2008
501
2009
2010
501
2011
2012
502
2013
2014
502
2015
2016
503
2017
2018
503
2019
2020
504
2021
2022
504
2023
2024
505
2025
2026
505
2027
2028
506
2029
2030
506
2031
2032
507
2033
2034
507
2035
2036
508
2037
2038
508
2039
2040
509
2041
2042
509
2043
2044
510
2045
2046
510
2047
2048
511
2049
2050
511
2051
2052
512
2053
2054
512
2055
2056
513
2057
2058
513
2059
2060
514
2061
2062
514
2063
2064
515
2065
2066
515
2067
2068
516
2069
2070
516
2071
2072
517
2073
2074
517
2075
2076
518
2077
2078
518
2079
2080
519
2081
2082
519
2083
2084
520
2085
2086
520
2087
2088
521
2089
2090
521
2091
2092
522
2093
2094
522
2095
2096
523
2097
2098
523
2099
2100
524
2101
2102
524
2103
2104
525
2105
2106
525
2107
2108
526
2109
2110
526
2111
2112
527
2113
2114
527
2115
2116
528
2117
2118
528
2119
2120
529
2121
2122
529
2123
2124
530
2125
2126
530
2127
2128
531
2129
2130
531
2131
2132
532
2133
2134
532
2135
2136
533
2137
2138
533
2139
2140
534
2141
2142
534
2143
2144
535
2145
2146
535
2147
2148
536
2149
2150
536
2151
2152
537
2153
2154
537
2155
2156
538
2157
2158
538
2159
2160
539
2161
2162
539
2163
2164
540
2165
2166
540
2167
2168
541
2169
2170
541
2171
2172
542
2173
2174
542
2175
2176
543
2177
2178
543
2179
2180
544
2181
2182
544
2183
2184
545
2185
2186
545
2187
2188
546
2189
2190
546
2191
2192
547
2193
2194
547
2195
2196
548
2197
2198
548
2199
2200
549
2201
2202
549
2203
2204
550
2205
2206
550
2207
2208
551
2209
2210
551
2211
2212
552
2213
2214
552
2215
2216
553
2217
2218
553
2219
2220
554
2221
2222
554
2223
2224
555
2225
2226
555
2227
2228
556
2229
2230
556
2231
2232
557
2233
2234
557
2235
2236
558
2237
2238
558
2239
2240
559
2241
2242
559
2243
2244
560
2245
2246
560
2247
2248
561
2249
2250
561
2251
2252
562
2253
2254
562
2255
2256
563
2257
2258
563
2259
2260
564
2261
2262
564
2263
2264
565
2265
2266
565
2267
2268
566
2269
2270
566
2271
2272
567
2273
2274
567
2275
2276
568
2277
2278
568
2279
2280
569
2281
2282
569
2283
2284
570
2285
2286
570
2287
2288
571
2289
2290
571
2291
2292
572
2293
2294
572
2295
2296
573
2297
2298
573
2299
2300
574
2301
2302
574
2303
2304
575
2305
2306
575
2307
2308
576
2309
2310
576
2311
2312
577
2313
2314
577
2315
2316
578
2317
2318
578
2319
2320
579
2321
2322
579
2323
2324
580
2325
2326
580
2327
2328
581
2329
2330
581
2331
2332
582
2333
2334
582
2335
2336
583
2337
2338
583
2339
2340
584
2341
2342
584
2343
2344
585
2345
2346
585
2347
2348
586
2349
2350
586
2351
2352
587
2353
2354
587
2355
2356
588
2357
2358
588
2359
2360
589
2361
2362
589
2363
2364
590
2365
2366
590
2367
2368
591
2369
2370
591
2371
2372
592
2373
2374
592
2375
2376
593
2377
2378
593
2379
2380
594
2381
2382
594
2383
2384
595
2385
2386
595
2387
2388
596
2389
2390
596
2391
2392
597
2393
2394
597
2395
2396
598
2397
2398
598
2399
2400
599
2401
2402
599
2403
2404
600
2405
2406
600
2407
2408
601
2409
2410
601
2411
2412
602
2413
2414
602
2415
2416
603
2417
2418
603
2419
2420
604
2421
2422
604
2423
2424
605
2425
2426
605
2427
2428
606
2429
2430
606
2431
2432
607
2433
2434
607
2435
2436
608
2437
2438
608
2439
2440
609
2441
2442
609
2443
2444
610
2445
2446
610
2447
2448
611
2449
2450
611
2451
2452
612
2453
2454
612
2455
2456
613
2457
2458
613
2459
2460
614
2461
2462
614
2463
2464
615
2465
2466
615
2467
2468
616
2469
2470
616
2471
2472
617
2473
2474
617
2475
2476
618
2477
2478
618
2479
2480
619
2481
2482
619
2483
2484
620
2485
2486
620
2487
2488
621
2489
2490
621
2491
2492
622
2493
2494
622
2495
2496
623
2497
2498
623
2499
2500
624
2501
2502
624
2503
2504
625
2505
2506
625
2507
2508
626
2509
2510
626
2511
2512
627
2513
2514
627
2515
2516
628
2517
2518
628
2519
2520
629
2521
2522
629
2523
2524
630
2525
2526
630
2527
2528
631
2529
2530
631
2531
2532
632
2533
2534
632
2535
2536
633
2537
2538
633
2539
2540
634
2541
2542
634
2543
2544
635
2545
2546
635
2547
2548
636
2549
2550
636
2551
2552
637
2553
2554
637
2555
2556
638
2557
2558
638
2559
2560
639
2561
2562
639
2563
2564
640
2565
2566
640
2567
2568
641
2569
2570
641
2571
2572
642
2573
2574
642
2575
2576
643
2577
2578
643
2579
2580
644
2581
2582
644
2583
2584
645
2585
2586
645
2587
2588
646
2589
2590
646
2591
2592
647
2593
2594
647
2595
2596
648
2597
2598
648
2599
2600
649
2601
2602
649
2603
2604
650
2605
2606
650
2607
2608
651
2609
2610
651
2611
2612
652
2613
2614
652
2615
2616
653
2617
2618
653
2619
2620
654
2621
2622
654
2623
2624
655
2625
2626
655
2627
2628
656
2629
2630
656
2631
2632
657
2633
2634
657
2635
2636
658
2637
2638
658
2639
2640
659
2641
2642
659
2643
2644
660
2645
2646
660
2647
2648
661
2649
2650
661
2651
2652
662
2653
2654
662
2655
2656
663
2657
2658
663
2659
2660
664
2661
2662
664
2663
2664
665
2665
2666
665
2667
2668
666
2669
2670
666
2671
2672
667
2673
2674
667
2675
2676
668
2677
2678
668
2679
2680
669
2681
2682
669
2683
2684
670
2685
2686
670
2687
2688
671
2689
2690
671
2691
2692
672
2693
2694
672
2695
2696
673
2697
2698
673
2699
2700
674
2701
2702
674
2703
2704
675
2705
2706
675
2707
2708
676
2709
2710
676
2711
2712
677
2713
2714
677
2715
2716
678
2717
2718
678
2719
2720
679
2721
2722
679
2723
2724
680
2725
2726
680
2727
2728
681
2729
2730
681
2731
2732
682
2733
2734
682
2735
2736
683
2737
2738
683
2739
2740
684
2741
2742
684
2743
2744
685
2745
2746
685
2747
2748
686
2749
2750
686
2751
2752
687
2753
2754
687
2755
2756
688
2757
2758
688
2759
2760
689
2761
2762
689
2763
2764
690
2765
2766
690
2767
2768
691
2769
2770
691
2771
2772
692
2773
2774
692
2775
2776
693
2777
2778
693
2779
2780
694
2781
2782
694
2783
2784
695
2785
2786
695
2787
2788
696
2789
2790
696
2791
2792
697
2793
2794
697
2795
2796
698
2797
2798
698
2799
2800
699
2801
2802
699
2803
2804
700
2805
2806
700
2807
2808
701
2809
2810
701
2811
2812
702
2813
2814
702
2815
2816
703
2817
2818
703
2819
2820
704
2821
2822
704
2823
2824
705
2825
2826
705
2827
2828
706
2829
2830
706
2831
2832
707
2833
2834
707
2835
2836
708
2837
2838
708
2839
2840
709
2841
2842
709
2843
2844
710
2845
2846
710
2847
2848
711
2849
2850
711
2851
2852
712
2853
2854
712
2855
2856
713
2857
2858
713
2859
2860
714
2861
2862
714
2863
2864
715
2865
2866
715
2867
2868
716
2869
2870
716
2871
2872
717
2873
2874
717
2875
2876
718
2877
2878
718
2879
2880
719
2881
2882
719
2883
2884
720
2885
2886
720
2887
2888
721
2889
2890
721
2891
2892
722
2893
2894
722
2895
2896
723
2897
2898
723
2899
2900
724
2901
2902
724
2903
2904
725
2905
2906
725
2907
2908
726
2909
2910
726
2911
2912
727
2913
2914
727
2915
2916
728
2917
2918
728
2919
2920
729
2921
2922
729
2923
2924
730
2925
2926
730
2927
2928
731
2929
2930
731
2931
2932
732
2933
2934
732
2935
2936
733
2937
2938
733
2939
2940
734
2941
2942
734
2943
2944
735
2945
2946
735
2947
2948
736
2949
2950
736
2951
2952
737
2953
2954
737
2955
2956
738
2957
2958
738
2959
2960
739
2961
2962
739
2963
2964
740
2965
2966
740
2967
2968
741
2969
2970
741
2971
2972
742
2973
2974
742
2975
2976
743
2977
2978
743
2979
2980
744
2981
2982
744
2983
2984
745
2985
2986
745
2987
2988
746
2989
2990
746
2991
2992
747
2993
2994
747
2995
2996
748
2997
2998
748
2999
3000
749
3001
3002
749
3003
3004
750
3005
3006
750
3007
3008
751
3009
3010
751
3011
3012
752
3013
3014
752
3015
3016
753
3017
3018
753
3019
3020
754
3021
3022
754
3023
3024
755
3025
3026
755
3027
3028
756
3029
3030
756
3031
3032
757
3033
3034
757
3035
3036
758
3037
3038
758
3039
3040
759
3041
3042
759
3043
3044
760
3045
3046
760
3047
3048
761
3049
3050
761
3051
3052
762
3053
3054
762
3055
3056
763
3057
3058
763
3059
3060
764
3061
3062
764
3063
3064
765
3065
3066
765
3067
3068
766
3069
3070
766
3071
3072
767
3073
3074
767
3075
3076
768
3077
3078
768
3079
3080
769
3081
3082
769
3083
3084
770
3085
3086
770
3087
3088
771
3089
3090
771
3091
3092
772
3093
3094
772
3095
3096
773
3097
3098
773
3099
3100
774
3101
3102
774
3103
3104
775
3105
3106
775
3107
3108
776
3109
3110
776
3111
3112
777
3113
3114
777
3115
3116
778
3117
3118
778
3119
3120
779
3121
3122
779
3123
3124
780
3125
3126
780
3127
3128
781
3129
3130
781
3131
3132
782
3133
3134
782
3135
3136
783
3137
3138
783
3139
3140
784
3141
3142
784
3143
3144
785
3145
3146
785
3147
3148
786
3149
3150
786
3151
3152
787
3153
3154
787
3155
3156
788
3157
3158
788
3159
3160
789
3161
3162
789
3163
3164
790
3165
3166
790
3167
3168
791
3169
3170
791
3171
3172
792
3173
3174
792
3175
3176
793
3177
3178
793
3179
3180
794
3181
3182
794
3183
3184
795
3185
3186
795
3187
3188
796
3189
3190
796
3191
3192
797
3193
3194
797
3195
3196
798
3197
3198
798
3199
3200
799
3201
3202
799
3203
3204
800
3205
3206
800
3207
3208
801
3209
3210
801
3211
3212
802
3213
3214
802
3215
3216
803
3217
3218
803
3219
3220
804
3221
3222
804
3223
3224
805
3225
3226
805
3227
3228
806
3229
3230
806
3231
3232
807
3233
3234
807
3235
3236
808
3237
3238
808
3239
3240
809
3241
3242
809
3243
3244
810
3245
3246
810
3247
3248
811
3249
3250
811
3251
3252
812
3253
3254
812
3255
3256
813
3257
3258
813
3259
3260
814
3261
3262
814
3263
3264
815
3265
3266
815
3267
3268
816
3269
3270
816
3271
3272
817
3273
3274
817
3275
3276
818
3277
3278
818
3279
3280
819
3281
3282
819
3283
3284
820
3285
3286
820
3287
3288
821
3289
3290
821
3291
3292
822
3293
3294
822
3295
3296
823
3297
3298
823
3299
3300
824
3301
3302
824
3303
3304
825
3305
3306
825
3307
3308
826
3309
3310
826
3311
3312
827
3313
3314
827
3315
3316
828
3317
3318
828
3319
3320
829
3321
3322
829
3323
3324
830
3325
3326
830
3327
3328
831
3329
3330
831
3331
3332
832
3333
3334
832
3335
3336
833
3337
3338
833
3339
3340
834
3341
3342
834
3343
3344
835
3345
3346
835
3347
3348
836
3349
3350
836
3351
3352
837
3353
3354
837
3355
3356
838
3357
3358
838
3359
3360
839
3361
3362
839
3363
3364
840
3365
3366
840
3367
3368
841
3369
3370
841
3371
3372
842
3373
3374
842
3375
3376
843
3377
3378
843
3379
3380
844
3381
3382
844
3383
3384
845
3385
3386
845
3387
3388
846
3389
3390
846
3391
3392
847
3393
3394
847
3395
3396
848
3397
3398
848
3399
3400
849
3401
3402
849
3403
3404
850
3405
3406
850
3407
3408
851
3409
3410
851
3411
3412
852
3413
3414
852
3415
3416
853
3417
3418
853
3419
3420
854
3421
3422
854
3423
3424
855
3425
3426
855
3427
3428
856
3429
3430
856
3431
3432
857
3433
3434
857
3435
3436
858
3437
3438
858
3439
3440
859
3441
3442
859
3443
3444
860
3445
3446
860
3447
3448
861
3449
3450
861
3451
3452
862
3453
3454
862
3455
3456
863
3457
3458
863
3459
3460
864
3461
3462
864
3463
3464
865
3465
3466
865
3467
3468
866
3469
3470
866
3471
3472
867
3473
3474
867
3475
3476
868
3477
3478
868
3479
3480
869
3481
3482
869
3483
3484
870
3485
3486
870
3487
3488
871
3489
3490
871
3491
3492
872
3493
3494
872
3495
3496
873
3497
3498
873
3499
3500
874
3501
3502
874
3503
3504
875
3505
3506
875
3507
3508
876
3509
3510
876
3511
3512
877
3513
3514
877
3515
3516
878
3517
3518
878
3519
3520
879
3521
3522
879
3523
3524
880
3525
3526
880
3527
3528
881
3529
3530
881
3531
3532
882
3533
3534
882
3535
3536
883
3537
3538
883
3539
3540
884
3541
3542
884
3543
3544
885
3545
3546
885
3547
3548
886
3549
3550
886
3551
3552
887
3553
3554
887
3555
3556
888
3557
3558
888
3559
3560
889
3561
3562
889
3563
3564
890
3565
3566
890
3567
3568
891
3569
3570
891
3571
3572
892
3573
3574
892
3575
3576
893
3577
3578
893
3579
3580
894
3581
3582
894
3583
3584
895
3585
3586
895
3587
3588
896
3589
3590
896
3591
3592
897
3593
3594
897
3595
3596
898
3597
3598
898
3599
3600
899
3601
3602
899
3603
3604
900
3605
3606
900
3607
3608
901
3609
3610
901
3611
3612
902
3613
3614
902
3615
3616
903
3617
3618
903
3619
3620
904
3621
3622
904
3623
3624
905
3625
3626
905
3627
3628
906
3629
3630
906
3631
3632
907
3633
3634
907
3635
3636
908
3637
3638
908
3639
3640
909
3641
3642
909
3643
3644
910
3645
3646
910
3647
3648
911
3649
3650
911
3651
3652
912
3653
3654
912
3655
3656
913
3657
3658
913
3659
3660
914
3661
3662
914
3663
3664
915
3665
3666
915
3667
3668
916
3669
3670
916
3671
3672
917
3673
3674
917
3675
3676
918
3677
3678
918
3679
3680
919
3681
3682
919
3683
3684
920
3685
3686
920
3687
3688
921
3689
3690
921
3691
3692
922
3693
3694
922
3695
3696
923
3697
3698
923
3699
3700
924
3701
3702
924
3703
3704
925
3705
3706
925
3707
3708
926
3709
3710
926
3711
3712
927
3713
3714
927
3715
3716
928
3717
3718
928
3719
3720
929
3721
3722
929
3723
3724
930
3725
3726
930
3727
3728
931
3729
3730
931
3731
3732
932
3733
3734
932
3735
3736
933
3737
3738
933
3739
3740
934
3741
3742
934
3743
3744
935
3745
3746
935
3747
3748
936
3749
3750
936
3751
3752
937
3753
3754
937
3755
3756
938
3757
3758
938
3759
3760
939
3761
3762
939
3763
3764
940
3765
3766
940
3767
3768
941
3769
3770
941
3771
3772
942
3773
3774
942
3775
3776
943
3777
3778
943
3779
3780
944
3781
3782
944
3783
3784
945
3785
3786
945
3787
3788
946
3789
3790
946
3791
3792
947
3793
3794
947
3795
3796
948
3797
3798
948
3799
3800
949
3801
3802
949
3803
3804
950
3805
3806
950
3807
3808
951
3809
3810
951
3811
3812
952
3813
3814
952
3815
3816
953
3817
3818
953
3819
3820
954
3821
3822
954
3823
3824
955
3825
3826
955
3827
3828
956
3829
3830
956
3831
3832
957
3833
3834
957
3835
3836
958
3837
3838
958
3839
3840
959
3841
3842
959
3843
3844
960
3845
3846
960
3847
3848
961
3849
3850
961
3851
3852
962
3853
3854
962
3855
3856
963
3857
3858
963
3859
3860
964
3861
3862
964
3863
3864
965
3865
3866
965
3867
3868
966
3869
3870
966
3871
3872
967
3873
3874
967
3875
3876
968
3877
3878
968
3879
3880
969
3881
3882
969
3883
3884
970
3885
3886
970
3887
3888
971
3889
3890
971
3891
3892
972
3893
3894
972
3895
3896
973
3897
3898
973
3899
3900
974
3901
3902
974
3903
3904
975
3905
3906
975
3907
3908
976
3909
3910
976
3911
3912
977
3913
3914
977
3915
3916
978
3917
3918
978
3919
3920
979
3921
3922
979
3923
3924
980
3925
3926
980
3927
3928
981
3929
3930
981
3931
3932
982
3933
3934
982
3935
3936
983
3937
3938
983
3939
3940
984
3941
3942
984
3943
3944
985
3945
3946
985
3947
3948
986
3949
3950
986
3951
3952
987
3953
3954
987
3955
3956
988
3957
3958
988
3959
3960
989
3961
3962
989
3963
3964
990
3965
3966
990
3967
3968
991
3969
3970
991
3971
3972
992
3973
3974
992
3975
3976
993
3977
3978
993
3979
3980
994
3981
3982
994
3983
3984
995
3985
3986
995
3987
3988
996
3989
3990
996
3991
3992
997
3993
3994
997
3995
3996
998
3997
3998
998
3999
4000
999
4001
4002
999
4003
4004
1000
4005
4006
1000
4007
4008
1001
4009
4010
1001
4011
4012
1002
4013
4014
1002
4015
4016
1003
4017
4018
1003
4019
4020
1004
4021
4022
1004
4023
4024
1005
4025
4026
1005
4027
4028
1006
4029
4030
1006
4031
4032
1007
4033
4034
1007
4035
4036
1008
4037
4038
1008
4039
4040
1009
4041
4042
1009
4043
4044
1010
4045
4046
1010
4047
4048
1011
4049
4050
1011
4051
4052
1012
4053
4054
1012
4055
4056
1013
4057
4058
1013
4059
4060
1014
4061
4062
1014
4063
4064
1015
4065
4066
1015
4067
4068
1016
4069
4070
1016
4071
4072
1017
4073
4074
1017
4075
4076
1018
4077
4078
1018
4079
4080
1019
4081
4082
1019
4083
4084
1020
4085
4086
1020
4087
4088
1021
4089
4090
1021
4091
4092
1022
4093
4094
1022
4095
4096
1023
4097
4098
1023
4099
4100
1024
4101
4102
1024
4103
4104
1025
4105
4106
1025
4107
4108
1026
4109
4110
1026
4111
4112
1027
4113
4114
1027
4115
4116
1028
4117
4118
1028
4119
4120
1029
4121
4122
1029
4123
4124
1030
4125
4126
1030
4127
4128
1031
4129
4130
1031
4131
4132
1032
4133
4134
1032
4135
4136
1033
4137
4138
1033
4139
4140
1034
4141
4142
1034
4143
4144
1035
4145
4146
1035
4147
4148
1036
4149
4150
1036
4151
4152
1037
4153
4154
1037
4155
4156
1038
4157
4158
1038
4159
4160
1039
4161
4162
1039
4163
4164
1040
4165
4166
1040
4167
4168
1041
4169
4170
1041
4171
4172
1042
4173
4174
1042
4175
4176
1043
4177
4178
1043
4179
4180
1044
4181
4182
1044
4183
4184
1045
4185
4186
1045
4187
4188
1046
4189
4190
1046
4191
4192
1047
4193
4194
1047
4195
4196
1048
4197
4198
1048
4199
4200
1049
4201
4202
1049
4203
4204
1050
4205
4206
1050
4207
4208
1051
4209
4210
1051
4211
4212
1052
4213
4214
1052
4215
4216
1053
4217
4218
1053
4219
4220
1054
4221
4222
1054
4223
4224
1055
4225
4226
1055
4227
4228
1056
4229
4230
1056
4231
4232
1057
4233
4234
1057
4235
4236
1058
4237
4238
1058
4239
4240
1059
4241
4242
1059
4243
4244
1060
4245
4246
1060
4247
4248
1061
4249
4250
1061
4251
4252
1062
4253
4254
1062
4255
4256
1063
4257
4258
1063
4259
4260
1064
4261
4262
1064
4263
4264
1065
4265
4266
1065
4267
4268
1066
4269
4270
1066
4271
4272
1067
4273
4274
1067
4275
4276
1068
4277
4278
1068
4279
4280
1069
4281
4282
1069
4283
4284
1070
4285
4286
1070
4287
4288
1071
4289
4290
1071
4291
4292
1072
4293
4294
1072
4295
4296
1073
4297
4298
1073
4299
4300
1074
4301
4302
1074
4303
4304
1075
4305
4306
1075
4307
4308
1076
4309
4310
1076
4311
4312
1077
4313
4314
1077
4315
4316
1078
4317
4318
1078
4319
4320
1079
4321
4322
1079
4323
4324
1080
4325
4326
1080
4327
4328
1081
4329
4330
1081
4331
4332
1082
4333
4334
1082
4335
4336
1083
4337
4338
1083
4339
4340
1084
4341
4342
1084
4343
4344
1085
4345
4346
1085
4347
4348
1086
4349
4350
1086
4351
4352
1087
4353
4354
1087
4355
4356
1088
4357
4358
1088
4359
4360
1089
4361
4362
1089
4363
4364
1090
4365
4366
1090
4367
4368
1091
4369
4370
1091
4371
4372
1092
4373
4374
1092
4375
4376
1093
4377
4378
1093
4379
4380
1094
4381
4382
1094
4383
4384
1095
4385
4386
1095
4387
4388
1096
4389
4390
1096
4391
4392
1097
4393
4394
1097
4395
4396
1098
4397
4398
1098
4399
4400
1099
4401
4402
1099
4403
4404
1100
4405
4406
1100
4407
4408
1101
4409
4410
1101
4411
4412
1102
4413
4414
1102
4415
4416
1103
4417
4418
1103
4419
4420
1104
4421
4422
1104
4423
4424
1105
4425
4426
1105
4427
4428
1106
4429
4430
1106
4431
4432
1107
4433
4434
1107
4435
4436
1108
4437
4438
1108
4439
4440
1109
4441
4442
1109
4443
4444
1110
4445
4446
1110
4447
4448
1111
4449
4450
1111
4451
4452
1112
4453
4454
1112
4455
4456
1113
4457
4458
1113
4459
4460
1114
4461
4462
1114
4463
4464
1115
4465
4466
1115
4467
4468
1116
4469
4470
1116
4471
4472
1117
4473
4474
1117
4475
4476
1118
4477
4478
1118
4479
4480
1119
4481
4482
1119
4483
4484
1120
4485
4486
1120
4487
4488
1121
4489
4490
1121
4491
4492
1122
4493
4494
1122
4495
4496
1123
4497
4498
1123
4499
4500
1124
4501
4502
1124
4503
4504
1125
4505
4506
1125
4507
4508
1126
4509
4510
1126
4511
4512
1127
4513
4514
1127
4515
4516
1128
4517
4518
1128
4519
4520
1129
4521
4522
1129
4523
4524
1130
4525
4526
1130
4527
4528
1131
4529
4530
1131
4531
4532
1132
4533
4534
1132
4535
4536
1133
4537
4538
1133
4539
4540
1134
4541
4542
1134
4543
4544
1135
4545
4546
1135
4547
4548
1136
4549
4550
1136
4551
4552
1137
4553
4554
1137
4555
4556
1138
4557
4558
1138
4559
4560
1139
4561
4562
1139
4563
4564
1140
4565
4566
1140
4567
4568
1141
4569
4570
1141
4571
4572
1142
4573
4574
1142
4575
4576
1143
4577
4578
1143
4579
4580
1144
4581
4582
1144
4583
4584
1145
4585
4586
1145
4587
4588
1146
4589
4590
1146
4591
4592
1147
4593
4594
1147
4595
4596
1148
4597
4598
1148
4599
4600
1149
4601
4602
1149
4603
4604
1150
4605
4606
1150
4607
4608
1151
4609
4610
1151
4611
4612
1152
4613
4614
1152
4615
4616
1153
4617
4618
1153
4619
4620
1154
4621
4622
1154
4623
4624
1155
4625
4626
1155
4627
4628
1156
4629
4630
1156
4631
4632
1157
4633
4634
1157
4635
4636
1158
4637
4638
1158
4639
4640
1159
4641
4642
1159
4643
4644
1160
4645
4646
1160
4647
4648
1161
4649
4650
1161
4651
4652
1162
4653
4654
1162
4655
4656
1163
4657
4658
1163
4659
4660
1164
4661
4662
1164
4663
4664
1165
4665
4666
1165
4667
4668
1166
4669
4670
1166
4671
4672
1167
4673
4674
1167
4675
4676
1168
4677
4678
1168
4679
4680
1169
4681
4682
1169
4683
4684
1170
4685
4686
1170
4687
4688
1171
4689
4690
1171
4691
4692
1172
4693
4694
1172
4695
4696
1173
4697
4698
1173
4699
4700
1174
4701
4702
1174
4703
4704
1175
4705
4706
1175
4707
4708
1176
4709
4710
1176
4711
4712
1177
4713
4714
1177
4715
4716
1178
4717
4718
1178
4719
4720
1179
4721
4722
1179
4723
4724
1180
4725
4726
1180
4727
4728
1181
4729
4730
1181
4731
4732
1182
4733
4734
1182
4735
4736
1183
4737
4738
1183
4739
4740
1184
4741
4742
1184
4743
4744
1185
4745
4746
1185
4747
4748
1186
4749
4750
1186
4751
4752
1187
4753
4754
1187
4755
4756
1188
4757
4758
1188
4759
4760
1189
4761
4762
1189
4763
4764
1190
4765
4766
1190
4767
4768
1191
4769
4770
1191
4771
4772
1192
4773
4774
1192
4775
4776
1193
4777
4778
1193
4779
4780
1194
4781
4782
1194
4783
4784
1195
4785
4786
1195
4787
4788
1196
4789
4790
1196
4791
4792
1197
4793
4794
1197
4795
4796
1198
4797
4798
1198
4799
4800
1199
4801
4802
1199
4803
4804
1200
4805
4806
1200
4807
4808
1201
4809
4810
1201
4811
4812
1202
4813
4814
1202
4815
4816
1203
4817
4818
1203
4819
4820
1204
4821
4822
1204
4823
4824
1205
4825
4826
1205
4827
4828
1206
4829
4830
1206
4831
4832
1207
4833
4834
1207
4835
4836
1208
4837
4838
1208
4839
4840
1209
4841
4842
1209
4843
4844
1210
4845
4846
1210
4847
4848
1211
4849
4850
1211
4851
4852
1212
4853
4854
1212
4855
4856
1213
4857
4858
1213
4859
4860
1214
4861
4862
1214
4863
4864
1215
4865
4866
1215
4867
4868
1216
4869
4870
1216
4871
4872
1217
4873
4874
1217
4875
4876
1218
4877
4878
1218
4879
4880
1219
4881
4882
1219
4883
4884
1220
4885
4886
1220
4887
4888
1221
4889
4890
1221
4891
4892
1222
4893
4894
1222
4895
4896
1223
4897
4898
1223
4899
4900
1224
4901
4902
1224
4903
4904
1225
4905
4906
1225
4907
4908
1226
4909
4910
1226
4911
4912
1227
4913
4914
1227
4915
4916
1228
4917
4918
1228
4919
4920
1229
4921
4922
1229
4923
4924
1230
4925
4926
1230
4927
4928
1231
4929
4930
1231
4931
4932
1232
4933
4934
1232
4935
4936
1233
4937
4938
1233
4939
4940
1234
4941
4942
1234
4943
4944
1235
4945
4946
1235
4947
4948
1236
4949
4950
1236
4951
4952
1237
4953
4954
1237
4955
4956
1238
4957
4958
1238
4959
4960
1239
4961
4962
1239
4963
4964
1240
4965
4966
1240
4967
4968
1241
4969
4970
1241
4971
4972
1242
4973
4974
1242
4975
4976
1243
4977
4978
1243
4979
4980
1244
4981
4982
1244
4983
4984
1245
4985
4986
1245
4987
4988
1246
4989
4990
1246
4991
4992
1247
4993
4994
1247
4995
4996
1248
4997
4998
1248
4999
5000
1249
5001
5002
1249
5003
5004
1250
5005
5006
1250
5007
5008
1251
5009
5010
1251
5011
5012
1252
5013
5014
1252
5015
5016
1253
5017
5018
1253
5019
5020
1254
5021
5022
1254
5023
5024
1255
5025
5026
1255
5027
5028
1256
5029
5030
1256
5031
5032
1257
5033
5034
1257
5035
5036
1258
5037
5038
1258
5039
5040
1259
5041
5042
1259
5043
5044
1260
5045
5046
1260
5047
5048
1261
5049
5050
1261
5051
5052
1262
5053
5054
1262
5055
5056
1263
5057
5058
1263
5059
5060
1264
5061
5062
1264
5063
5064
1265
5065
5066
1265
5067
5068
1266
5069
5070
1266
5071
5072
1267
5073
5074
1267
5075
5076
1268
5077
5078
1268
5079
5080
1269
5081
5082
1269
5083
5084
1270
5085
5086
1270
5087
5088
1271
5089
5090
1271
5091
5092
1272
5093
5094
1272
5095
5096
1273
5097
5098
1273
5099
5100
1274
5101
5102
1274
5103
5104
1275
5105
5106
1275
5107
5108
1276
5109
5110
1276
5111
5112
1277
5113
5114
1277
5115
5116
1278
5117
5118
1278
5119
5120
1279
5121
5122
1279
5123
5124
1280
5125
5126
1280
5127
5128
1281
5129
5130
1281
5131
5132
1282
5133
5134
1282
5135
5136
1283
5137
5138
1283
5139
5140
1284
5141
5142
1284
5143
5144
1285
5145
5146
1285
5147
5148
1286
5149
5150
1286
5151
5152
1287
5153
5154
1287
5155
5156
1288
5157
5158
1288
5159
5160
1289
5161
5162
1289
5163
5164
1290
5165
5166
1290
5167
5168
1291
5169
5170
1291
5171
5172
1292
5173
5174
1292
5175
5176
1293
5177
5178
1293
5179
5180
1294
5181
5182
1294
5183
5184
1295
5185
5186
1295
5187
5188
1296
5189
5190
1296
5191
5192
1297
5193
5194
1297
5195
5196
1298
5197
5198
1298
5199
5200
1299
5201
5202
1299
5203
5204
1300
5205
5206
1300
5207
5208
1301
5209
5210
1301
5211
5212
1302
5213
5214
1302
5215
5216
1303
5217
5218
1303
5219
5220
1304
5221
5222
1304
5223
5224
1305
5225
5226
1305
5227
5228
1306
5229
5230
1306
5231
5232
1307
5233
5234
1307
5235
5236
1308
5237
5238
1308
5239
5240
1309
5241
5242
1309
5243
5244
1310
5245
5246
1310
5247
5248
1311
5249
5250
1311
5251
5252
1312
5253
5254
1312
5255
5256
1313
5257
5258
1313
5259
5260
1314
5261
5262
1314
5263
5264
1315
5265
5266
1315
5267
5268
1316
5269
5270
1316
5271
5272
1317
5273
5274
1317
5275
5276
1318
5277
5278
1318
5279
5280
1319
5281
5282
1319
5283
5284
1320
5285
5286
1320
5287
5288
1321
5289
5290
1321
5291
5292
1322
5293
5294
1322
5295
5296
1323
5297
5298
1323
5299
5300
1324
5301
5302
1324
5303
5304
1325
5305
5306
1325
5307
5308
1326
5309
5310
1326
5311
5312
1327
5313
5314
1327
5315
5316
1328
5317
5318
1328
5319
5320
1329
5321
5322
1329
5323
5324
1330
5325
5326
1330
5327
5328
1331
5329
5330
1331
5331
5332
1332
5333
5334
1332
5335
5336
1333
5337
5338
1333
5339
5340
1334
5341
5342
1334
5343
5344
1335
5345
5346
1335
5347
5348
1336
5349
5350
1336
5351
5352
1337
5353
5354
1337
5355
5356
1338
5357
5358
1338
5359
5360
1339
5361
5362
1339
5363
5364
1340
5365
5366
1340
5367
5368
1341
5369
5370
1341
5371
5372
1342
5373
5374
1342
5375
5376
1343
5377
5378
1343
5379
5380
1344
5381
5382
1344
5383
5384
1345
5385
5386
1345
5387
5388
1346
5389
5390
1346
5391
5392
1347
5393
5394
1347
5395
5396
1348
5397
5398
1348
5399
5400
1349
5401
5402
1349
5403
5404
1350
5405
5406
1350
5407
5408
1351
5409
5410
1351
5411
5412
1352
5413
5414
1352
5415
5416
1353
5417
5418
1353
5419
5420
1354
5421
5422
1354
5423
5424
1355
5425
5426
1355
5427
5428
1356
5429
5430
1356
5431
5432
1357
5433
5434
1357
5435
5436
1358
5437
5438
1358
5439
5440
1359
5441
5442
1359
5443
5444
1360
5445
5446
1360
5447
5448
1361
5449
5450
1361
5451
5452
1362
5453
5454
1362
5455
5456
1363
5457
5458
1363
5459
5460
1364
5461
5462
1364
5463
5464
1365
5465
5466
1365
5467
5468
1366
5469
5470
1366
5471
5472
1367
5473
5474
1367
5475
5476
1368
5477
5478
1368
5479
5480
1369
5481
5482
1369
5483
5484
1370
5485
5486
1370
5487
5488
1371
5489
5490
1371
5491
5492
1372
5493
5494
1372
5495
5496
1373
5497
5498
1373
5499
5500
1374
5501
5502
1374
5503
5504
1375
5505
5506
1375
5507
5508
1376
5509
5510
1376
5511
5512
1377
5513
5514
1377
5515
5516
1378
5517
5518
1378
5519
5520
1379
5521
5522
1379
5523
5524
1380
5525
5526
1380
5527
5528
1381
5529
5530
1381
5531
5532
1382
5533
5534
1382
5535
5536
1383
5537
5538
1383
5539
5540
1384
5541
5542
1384
5543
5544
1385
5545
5546
1385
5547
5548
1386
5549
5550
1386
5551
5552
1387
5553
5554
1387
5555
5556
1388
5557
5558
1388
5559
5560
1389
5561
5562
1389
5563
5564
1390
5565
5566
1390
5567
5568
1391
5569
5570
1391
5571
5572
1392
5573
5574
1392
5575
5576
1393
5577
5578
1393
5579
5580
1394
5581
5582
1394
5583
5584
1395
5585
5586
1395
5587
5588
1396
5589
5590
1396
5591
5592
1397
5593
5594
1397
5595
5596
1398
5597
5598
1398
5599
5600
1399
5601
5602
1399
5603
5604
1400
5605
5606
1400
5607
5608
1401
5609
5610
1401
5611
5612
1402
5613
5614
1402
5615
5616
1403
5617
5618
1403
5619
5620
1404
5621
5622
1404
5623
5624
1405
5625
5626
1405
5627
5628
1406
5629
5630
1406
5631
5632
1407
5633
5634
1407
5635
5636
1408
5637
5638
1408
5639
5640
1409
5641
5642
1409
5643
5644
1410
5645
5646
1410
5647
5648
1411
5649
5650
1411
5651
5652
1412
5653
5654
1412
5655
5656
1413
5657
5658
1413
5659
5660
1414
5661
5662
1414
5663
5664
1415
5665
5666
1415
5667
5668
1416
5669
5670
1416
5671
5672
1417
5673
5674
1417
5675
5676
1418
5677
5678
1418
5679
5680
1419
5681
5682
1419
5683
5684
1420
5685
5686
1420
5687
5688
1421
5689
5690
1421
5691
5692
1422
5693
5694
1422
5695
5696
1423
5697
5698
1423
5699
5700
1424
5701
5702
1424
5703
5704
1425
5705
5706
1425
5707
5708
1426
5709
5710
1426
5711
5712
1427
5713
5714
1427
5715
5716
1428
5717
5718
1428
5719
5720
1429
5721
5722
1429
5723
5724
1430
5725
5726
1430
5727
5728
1431
5729
5730
1431
5731
5732
1432
5733
5734
1432
5735
5736
1433
5737
5738
1433
5739
5740
1434
5741
5742
1434
5743
5744
1435
5745
5746
1435
5747
5748
1436
5749
5750
1436
5751
5752
1437
5753
5754
1437
5755
5756
1438
5757
5758
1438
5759
5760
1439
5761
5762
1439
5763
5764
1440
5765
5766
1440
5767
5768
1441
5769
5770
1441
5771
5772
1442
5773
5774
1442
5775
5776
1443
5777
5778
1443
5779
5780
1444
5781
5782
1444
5783
5784
1445
5785
5786
1445
5787
5788
1446
5789
5790
1446
5791
5792
1447
5793
5794
1447
5795
5796
1448
5797
5798
1448
5799
5800
1449
5801
5802
1449
5803
5804
1450
5805
5806
1450
5807
5808
1451
5809
5810
1451
5811
5812
1452
5813
5814
1452
5815
5816
1453
5817
5818
1453
5819
5820
1454
5821
5822
1454
5823
5824
1455
5825
5826
1455
5827
5828
1456
5829
5830
1456
5831
5832
1457
5833
5834
1457
5835
5836
1458
5837
5838
1458
5839
5840
1459
5841
5842
1459
5843
5844
1460
5845
5846
1460
5847
5848
1461
5849
5850
1461
5851
5852
1462
5853
5854
1462
5855
5856
1463
5857
5858
1463
5859
5860
1464
5861
5862
1464
5863
5864
1465
5865
5866
1465
5867
5868
1466
5869
5870
1466
5871
5872
1467
5873
5874
1467
5875
5876
1468
5877
5878
1468
5879
5880
1469
5881
5882
1469
5883
5884
1470
5885
5886
1470
5887
5888
1471
5889
5890
1471
5891
5892
1472
5893
5894
1472
5895
5896
1473
5897
5898
1473
5899
5900
1474
5901
5902
1474
5903
5904
1475
5905
5906
1475
5907
5908
1476
5909
5910
1476
5911
5912
1477
5913
5914
1477
5915
5916
1478
5917
5918
1478
5919
5920
1479
5921
5922
1479
5923
5924
1480
5925
5926
1480
5927
5928
1481
5929
5930
1481
5931
5932
1482
5933
5934
1482
5935
5936
1483
5937
5938
1483
5939
5940
1484
5941
5942
1484
5943
5944
1485
5945
5946
1485
5947
5948
1486
5949
5950
1486
5951
5952
1487
5953
5954
1487
5955
5956
1488
5957
5958
1488
5959
5960
1489
5961
5962
1489
5963
5964
1490
5965
5966
1490
5967
5968
1491
5969
5970
1491
5971
5972
1492
5973
5974
1492
5975
5976
1493
5977
5978
1493
5979
5980
1494
5981
5982
1494
5983
5984
1495
5985
5986
1495
5987
5988
1496
5989
5990
1496
5991
5992
1497
5993
5994
1497
5995
5996
1498
5997
5998
1498
5999
6000
1499
6001
6002
1499
6003
6004
1500
6005
6006
1500
6007
6008
1501
6009
6010
1501
6011
6012
1502
6013
6014
1502
6015
6016
1503
6017
6018
1503
6019
6020
1504
6021
6022
1504
6023
6024
1505
6025
6026
1505
6027
6028
1506
6029
6030
1506
6031
6032
1507
6033
6034
1507
6035
6036
1508
6037
6038
1508
6039
6040
1509
6041
6042
1509
6043
6044
1510
6045
6046
1510
6047
6048
1511
6049
6050
1511
6051
6052
1512
6053
6054
1512
6055
6056
1513
6057
6058
1513
6059
6060
1514
6061
6062
1514
6063
6064
1515
6065
6066
1515
6067
6068
1516
6069
6070
1516
6071
6072
1517
6073
6074
1517
6075
6076
1518
6077
6078
1518
6079
6080
1519
6081
6082
1519
6083
6084
1520
6085
6086
1520
6087
6088
1521
6089
6090
1521
6091
6092
1522
6093
6094
1522
6095
6096
1523
6097
6098
1523
6099
6100
1524
6101
6102
1524
6103
6104
1525
6105
6106
1525
6107
6108
1526
6109
6110
1526
6111
6112
1527
6113
6114
1527
6115
6116
1528
6117
6118
1528
6119
6120
1529
6121
6122
1529
6123
6124
1530
6125
6126
1530
6127
6128
1531
6129
6130
1531
6131
6132
1532
6133
6134
1532
6135
6136
1533
6137
6138
1533
6139
6140
1534
6141
6142
1534
6143
6144
1535
6145
6146
1535
6147
6148
1536
6149
6150
1536
6151
6152
1537
6153
6154
1537
6155
6156
1538
6157
6158
1538
6159
6160
1539
6161
6162
1539
6163
6164
1540
6165
6166
1540
6167
6168
1541
6169
6170
1541
6171
6172
1542
6173
6174
1542
6175
6176
1543
6177
6178
1543
6179
6180
1544
6181
6182
1544
6183
6184
1545
6185
6186
1545
6187
6188
1546
6189
6190
1546
6191
6192
1547
6193
6194
1547
6195
6196
1548
6197
6198
1548
6199
6200
1549
6201
6202
1549
6203
6204
1550
6205
6206
1550
6207
6208
1551
6209
6210
1551
6211
6212
1552
6213
6214
1552
6215
6216
1553
6217
6218
1553
6219
6220
1554
6221
6222
1554
6223
6224
1555
6225
6226
1555
6227
6228
1556
6229
6230
1556
6231
6232
1557
6233
6234
1557
6235
6236
1558
6237
6238
1558
6239
6240
1559
6241
6242
1559
6243
6244
1560
6245
6246
1560
6247
6248
1561
6249
6250
1561
6251
6252
1562
6253
6254
1562
6255
6256
1563
6257
6258
1563
6259
6260
1564
6261
6262
1564
6263
6264
1565
6265
6266
1565
6267
6268
1566
6269
6270
1566
6271
6272
1567
6273
6274
1567
6275
6276
1568
6277
6278
1568
6279
6280
1569
6281
6282
1569
6283
6284
1570
6285
6286
1570
6287
6288
1571
6289
6290
1571
6291
6292
1572
6293
6294
1572
6295
6296
1573
6297
6298
1573
6299
6300
1574
6301
6302
1574
6303
6304
1575
6305
6306
1575
6307
6308
1576
6309
6310
1576
6311
6312
1577
6313
6314
1577
6315
6316
1578
6317
6318
1578
6319
6320
1579
6321
6322
1579
6323
6324
1580
6325
6326
1580
6327
6328
1581
6329
6330
1581
6331
6332
1582
6333
6334
1582
6335
6336
1583
6337
6338
1583
6339
6340
1584
6341
6342
1584
6343
6344
1585
6345
6346
1585
6347
6348
1586
6349
6350
1586
6351
6352
1587
6353
6354
1587
6355
6356
1588
6357
6358
1588
6359
6360
1589
6361
6362
1589
6363
6364
1590
6365
6366
1590
6367
6368
1591
6369
6370
1591
6371
6372
1592
6373
6374
1592
6375
6376
1593
6377
6378
1593
6379
6380
1594
6381
6382
1594
6383
6384
1595
6385
6386
1595
6387
6388
1596
6389
6390
1596
6391
6392
1597
6393
6394
1597
6395
6396
1598
6397
6398
1598
6399
6400
1599
6401
6402
1599
6403
6404
1600
6405
6406
1600
6407
6408
1601
6409
6410
1601
6411
6412
1602
6413
6414
1602
6415
6416
1603
6417
6418
1603
6419
6420
1604
6421
6422
1604
6423
6424
1605
6425
6426
1605
6427
6428
1606
6429
6430
1606
6431
6432
1607
6433
6434
1607
6435
6436
1608
6437
6438
1608
6439
6440
1609
6441
6442
1609
6443
6444
1610
6445
6446
1610
6447
6448
1611
6449
6450
1611
6451
6452
1612
6453
6454
1612
6455
6456
1613
6457
6458
1613
6459
6460
1614
6461
6462
1614
6463
6464
1615
6465
6466
1615
6467
6468
1616
6469
6470
1616
6471
6472
1617
6473
6474
1617
6475
6476
1618
6477
6478
1618
6479
6480
1619
6481
6482
1619
6483
6484
1620
6485
6486
1620
6487
6488
1621
6489
6490
1621
6491
6492
1622
6493
6494
1622
6495
6496
1623
6497
6498
1623
6499
6500
1624
6501
6502
1624
6503
6504
1625
6505
6506
1625
6507
6508
1626
6509
6510
1626
6511
6512
1627
6513
6514
1627
6515
6516
1628
6517
6518
1628
6519
6520
1629
6521
6522
1629
6523
6524
1630
6525
6526
1630
6527
6528
1631
6529
6530
1631
6531
6532
1632
6533
6534
1632
6535
6536
1633
6537
6538
1633
6539
6540
1634
6541
6542
1634
6543
6544
1635
6545
6546
1635
6547
6548
1636
6549
6550
1636
6551
6552
1637
6553
6554
1637
6555
6556
1638
6557
6558
1638
6559
6560
1639
6561
6562
1639
6563
6564
1640
6565
6566
1640
6567
6568
1641
6569
6570
1641
6571
6572
1642
6573
6574
1642
6575
6576
1643
6577
6578
1643
6579
6580
1644
6581
6582
1644
6583
6584
1645
6585
6586
1645
6587
6588
1646
6589
6590
1646
6591
6592
1647
6593
6594
1647
6595
6596
1648
6597
6598
1648
6599
6600
1649
6601
6602
1649
6603
6604
1650
6605
6606
1650
6607
6608
1651
6609
6610
1651
6611
6612
1652
6613
6614
1652
6615
6616
1653
6617
6618
1653
6619
6620
1654
6621
6622
1654
6623
6624
1655
6625
6626
1655
6627
6628
1656
6629
6630
1656
6631
6632
1657
6633
6634
1657
6635
6636
1658
6637
6638
1658
6639
6640
1659
6641
6642
1659
6643
6644
1660
6645
6646
1660
6647
6648
1661
6649
6650
1661
6651
6652
1662
6653
6654
1662
6655
6656
1663
6657
6658
1663
6659
6660
1664
6661
6662
1664
6663
6664
1665
6665
6666
1665
6667
6668
1666
6669
6670
1666
6671
6672
1667
6673
6674
1667
6675
6676
1668
6677
6678
1668
6679
6680
1669
6681
6682
1669
6683
6684
1670
6685
6686
1670
6687
6688
1671
6689
6690
1671
6691
6692
1672
6693
6694
1672
6695
6696
1673
6697
6698
1673
6699
6700
1674
6701
6702
1674
6703
6704
1675
6705
6706
1675
6707
6708
1676
6709
6710
1676
6711
6712
1677
6713
6714
1677
6715
6716
1678
6717
6718
1678
6719
6720
1679
6721
6722
1679
6723
6724
1680
6725
6726
1680
6727
6728
1681
6729
6730
1681
6731
6732
1682
6733
6734
1682
6735
6736
1683
6737
6738
1683
6739
6740
1684
6741
6742
1684
6743
6744
1685
6745
6746
1685
6747
6748
1686
6749
6750
1686
6751
6752
1687
6753
6754
1687
6755
6756
1688
6757
6758
1688
6759
6760
1689
6761
6762
1689
6763
6764
1690
6765
6766
1690
6767
6768
1691
6769
6770
1691
6771
6772
1692
6773
6774
1692
6775
6776
1693
6777
6778
1693
6779
6780
1694
6781
6782
1694
6783
6784
1695
6785
6786
1695
6787
6788
1696
6789
6790
1696
6791
6792
1697
6793
6794
1697
6795
6796
1698
6797
6798
1698
6799
6800
1699
6801
6802
1699
6803
6804
1700
6805
6806
1700
6807
6808
1701
6809
6810
1701
6811
6812
1702
6813
6814
1702
6815
6816
1703
6817
6818
1703
6819
6820
1704
6821
6822
1704
6823
6824
1705
6825
6826
1705
6827
6828
1706
6829
6830
1706
6831
6832
1707
6833
6834
1707
6835
6836
1708
6837
6838
1708
6839
6840
1709
6841
6842
1709
6843
6844
1710
6845
6846
1710
6847
6848
1711
6849
6850
1711
6851
6852
1712
6853
6854
1712
6855
6856
1713
6857
6858
1713
6859
6860
1714
6861
6862
1714
6863
6864
1715
6865
6866
1715
6867
6868
1716
6869
6870
1716
6871
6872
1717
6873
6874
1717
6875
6876
1718
6877
6878
1718
6879
6880
1719
6881
6882
1719
6883
6884
1720
6885
6886
1720
6887
6888
1721
6889
6890
1721
6891
6892
1722
6893
6894
1722
6895
6896
1723
6897
6898
1723
6899
6900
1724
6901
6902
1724
6903
6904
1725
6905
6906
1725
6907
6908
1726
6909
6910
1726
6911
6912
1727
6913
6914
1727
6915
6916
1728
6917
6918
1728
6919
6920
1729
6921
6922
1729
6923
6924
1730
6925
6926
1730
6927
6928
1731
6929
6930
1731
6931
6932
1732
6933
6934
1732
6935
6936
1733
6937
6938
1733
6939
6940
1734
6941
6942
1734
6943
6944
1735
6945
6946
1735
6947
6948
1736
6949
6950
1736
6951
6952
1737
6953
6954
1737
6955
6956
1738
6957
6958
1738
6959
6960
1739
6961
6962
1739
6963
6964
1740
6965
6966
1740
6967
6968
1741
6969
6970
1741
6971
6972
1742
6973
6974
1742
6975
6976
1743
6977
6978
1743
6979
6980
1744
6981
6982
1744
6983
6984
1745
6985
6986
1745
6987
6988
1746
6989
6990
1746
6991
6992
1747
6993
6994
1747
6995
6996
1748
6997
6998
1748
6999
7000
1749
7001
7002
1749
7003
7004
1750
7005
7006
1750
7007
7008
1751
7009
7010
1751
7011
7012
1752
7013
7014
1752
7015
7016
1753
7017
7018
1753
7019
7020
1754
7021
7022
1754
7023
7024
1755
7025
7026
1755
7027
7028
1756
7029
7030
1756
7031
7032
1757
7033
7034
1757
7035
7036
1758
7037
7038
1758
7039
7040
1759
7041
7042
1759
7043
7044
1760
7045
7046
1760
7047
7048
1761
7049
7050
1761
7051
7052
1762
7053
7054
1762
7055
7056
1763
7057
7058
1763
7059
7060
1764
7061
7062
1764
7063
7064
1765
7065
7066
1765
7067
7068
1766
7069
7070
1766
7071
7072
1767
7073
7074
1767
7075
7076
1768
7077
7078
1768
7079
7080
1769
7081
7082
1769
7083
7084
1770
7085
7086
1770
7087
7088
1771
7089
7090
1771
7091
7092
1772
7093
7094
1772
7095
7096
1773
7097
7098
1773
7099
7100
1774
7101
7102
1774
7103
7104
1775
7105
7106
1775
7107
7108
1776
7109
7110
1776
7111
7112
1777
7113
7114
1777
7115
7116
1778
7117
7118
1778
7119
7120
1779
7121
7122
1779
7123
7124
1780
7125
7126
1780
7127
7128
1781
7129
7130
1781
7131
7132
1782
7133
7134
1782
7135
7136
1783
7137
7138
1783
7139
7140
1784
7141
7142
1784
7143
7144
1785
7145
7146
1785
7147
7148
1786
7149
7150
1786
7151
7152
1787
7153
7154
1787
7155
7156
1788
7157
7158
1788
7159
7160
1789
7161
7162
1789
7163
7164
1790
7165
7166
1790
7167
7168
1791
7169
7170
1791
7171
7172
1792
7173
7174
1792
7175
7176
1793
7177
7178
1793
7179
7180
1794
7181
7182
1794
7183
7184
1795
7185
7186
1795
7187
7188
1796
7189
7190
1796
7191
7192
1797
7193
7194
1797
7195
7196
1798
7197
7198
1798
7199
7200
1799
7201
7202
1799
7203
7204
1800
7205
7206
1800
7207
7208
1801
7209
7210
1801
7211
7212
1802
7213
7214
1802
7215
7216
1803
7217
7218
1803
7219
7220
1804
7221
7222
1804
7223
7224
1805
7225
7226
1805
7227
7228
1806
7229
7230
1806
7231
7232
1807
7233
7234
1807
7235
7236
1808
7237
7238
1808
7239
7240
1809
7241
7242
1809
7243
7244
1810
7245
7246
1810
7247
7248
1811
7249
7250
1811
7251
7252
1812
7253
7254
1812
7255
7256
1813
7257
7258
1813
7259
7260
1814
7261
7262
1814
7263
7264
1815
7265
7266
1815
7267
7268
1816
7269
7270
1816
7271
7272
1817
7273
7274
1817
7275
7276
1818
7277
7278
1818
7279
7280
1819
7281
7282
1819
7283
7284
1820
7285
7286
1820
7287
7288
1821
7289
7290
1821
7291
7292
1822
7293
7294
1822
7295
7296
1823
7297
7298
1823
7299
7300
1824
7301
7302
1824
7303
7304
1825
7305
7306
1825
7307
7308
1826
7309
7310
1826
7311
7312
1827
7313
7314
1827
7315
7316
1828
7317
7318
1828
7319
7320
1829
7321
7322
1829
7323
7324
1830
7325
7326
1830
7327
7328
1831
7329
7330
1831
7331
7332
1832
7333
7334
1832
7335
7336
1833
7337
7338
1833
7339
7340
1834
7341
7342
1834
7343
7344
1835
7345
7346
1835
7347
7348
1836
7349
7350
1836
7351
7352
1837
7353
7354
1837
7355
7356
1838
7357
7358
1838
7359
7360
1839
7361
7362
1839
7363
7364
1840
7365
7366
1840
7367
7368
1841
7369
7370
1841
7371
7372
1842
7373
7374
1842
7375
7376
1843
7377
7378
1843
7379
7380
1844
7381
7382
1844
7383
7384
1845
7385
7386
1845
7387
7388
1846
7389
7390
1846
7391
7392
1847
7393
7394
1847
7395
7396
1848
7397
7398
1848
7399
7400
1849
7401
7402
1849
7403
7404
1850
7405
7406
1850
7407
7408
1851
7409
7410
1851
7411
7412
1852
7413
7414
1852
7415
7416
1853
7417
7418
1853
7419
7420
1854
7421
7422
1854
7423
7424
1855
7425
7426
1855
7427
7428
1856
7429
7430
1856
7431
7432
1857
7433
7434
1857
7435
7436
1858
7437
7438
1858
7439
7440
1859
7441
7442
1859
7443
7444
1860
7445
7446
1860
7447
7448
1861
7449
7450
1861
7451
7452
1862
7453
7454
1862
7455
7456
1863
7457
7458
1863
7459
7460
1864
7461
7462
1864
7463
7464
1865
7465
7466
1865
7467
7468
1866
7469
7470
1866
7471
7472
1867
7473
7474
1867
7475
7476
1868
7477
7478
1868
7479
7480
1869
7481
7482
1869
7483
7484
1870
7485
7486
1870
7487
7488
1871
7489
7490
1871
7491
7492
1872
7493
7494
1872
7495
7496
1873
7497
7498
1873
7499
7500
1874
7501
7502
1874
7503
7504
1875
7505
7506
1875
7507
7508
1876
7509
7510
1876
7511
7512
1877
7513
7514
1877
7515
7516
1878
7517
7518
1878
7519
7520
1879
7521
7522
1879
7523
7524
1880
7525
7526
1880
7527
7528
1881
7529
7530
1881
7531
7532
1882
7533
7534
1882
7535
7536
1883
7537
7538
1883
7539
7540
1884
7541
7542
1884
7543
7544
1885
7545
7546
1885
7547
7548
1886
7549
7550
1886
7551
7552
1887
7553
7554
1887
7555
7556
1888
7557
7558
1888
7559
7560
1889
7561
7562
1889
7563
7564
1890
7565
7566
1890
7567
7568
1891
7569
7570
1891
7571
7572
1892
7573
7574
1892
7575
7576
1893
7577
7578
1893
7579
7580
1894
7581
7582
1894
7583
7584
1895
7585
7586
1895
7587
7588
1896
7589
7590
1896
7591
7592
1897
7593
7594
1897
7595
7596
1898
7597
7598
1898
7599
7600
1899
7601
7602
1899
7603
7604
1900
7605
7606
1900
7607
7608
1901
7609
7610
1901
7611
7612
1902
7613
7614
1902
7615
7616
1903
7617
7618
1903
7619
7620
1904
7621
7622
1904
7623
7624
1905
7625
7626
1905
7627
7628
1906
7629
7630
1906
7631
7632
1907
7633
7634
1907
7635
7636
1908
7637
7638
1908
7639
7640
1909
7641
7642
1909
7643
7644
1910
7645
7646
1910
7647
7648
1911
7649
7650
1911
7651
7652
1912
7653
7654
1912
7655
7656
1913
7657
7658
1913
7659
7660
1914
7661
7662
1914
7663
7664
1915
7665
7666
1915
7667
7668
1916
7669
7670
1916
7671
7672
1917
7673
7674
1917
7675
7676
1918
7677
7678
1918
7679
7680
1919
7681
7682
1919
7683
7684
1920
7685
7686
1920
7687
7688
1921
7689
7690
1921
7691
7692
1922
7693
7694
1922
7695
7696
1923
7697
7698
1923
7699
7700
1924
7701
7702
1924
7703
7704
1925
7705
7706
1925
7707
7708
1926
7709
7710
1926
7711
7712
1927
7713
7714
1927
7715
7716
1928
7717
7718
1928
7719
7720
1929
7721
7722
1929
7723
7724
1930
7725
7726
1930
7727
7728
1931
7729
7730
1931
7731
7732
1932
7733
7734
1932
7735
7736
1933
7737
7738
1933
7739
7740
1934
7741
7742
1934
7743
7744
1935
7745
7746
1935
7747
7748
1936
7749
7750
1936
7751
7752
1937
7753
7754
1937
7755
7756
1938
7757
7758
1938
7759
7760
1939
7761
7762
1939
7763
7764
1940
7765
7766
1940
7767
7768
1941
7769
7770
1941
7771
7772
1942
7773
7774
1942
7775
7776
1943
7777
7778
1943
7779
7780
1944
7781
7782
1944
7783
7784
1945
7785
7786
1945
7787
7788
1946
7789
7790
1946
7791
7792
1947
7793
7794
1947
7795
7796
1948
7797
7798
1948
7799
7800
1949
7801
7802
1949
7803
7804
1950
7805
7806
1950
7807
7808
1951
7809
7810
1951
7811
7812
1952
7813
7814
1952
7815
7816
1953
7817
7818
1953
7819
7820
1954
7821
7822
1954
7823
7824
1955
7825
7826
1955
7827
7828
1956
7829
7830
1956
7831
7832
1957
7833
7834
1957
7835
7836
1958
7837
7838
1958
7839
7840
1959
7841
7842
1959
7843
7844
1960
7845
7846
1960
7847
7848
1961
7849
7850
1961
7851
7852
1962
7853
7854
1962
7855
7856
1963
7857
7858
1963
7859
7860
1964
7861
7862
1964
7863
7864
1965
7865
7866
1965
7867
7868
1966
7869
7870
1966
7871
7872
1967
7873
7874
1967
7875
7876
1968
7877
7878
1968
7879
7880
1969
7881
7882
1969
7883
7884
1970
7885
7886
1970
7887
7888
1971
7889
7890
1971
7891
7892
1972
7893
7894
1972
7895
7896
1973
7897
7898
1973
7899
7900
1974
7901
7902
1974
7903
7904
1975
7905
7906
1975
7907
7908
1976
7909
7910
1976
7911
7912
1977
7913
7914
1977
7915
7916
1978
7917
7918
1978
7919
7920
1979
7921
7922
1979
7923
7924
1980
7925
7926
1980
7927
7928
1981
7929
7930
1981
7931
7932
1982
7933
7934
1982
7935
7936
1983
7937
7938
1983
7939
7940
1984
7941
7942
1984
7943
7944
1985
7945
7946
1985
7947
7948
1986
7949
7950
1986
7951
7952
1987
7953
7954
1987
7955
7956
1988
7957
7958
1988
7959
7960
1989
7961
7962
1989
7963
7964
1990
7965
7966
1990
7967
7968
1991
7969
7970
1991
7971
7972
1992
7973
7974
1992
7975
7976
1993
7977
7978
1993
7979
7980
1994
7981
7982
1994
7983
7984
1995
7985
7986
1995
7987
7988
1996
7989
7990
1996
7991
7992
1997
7993
7994
1997
7995
7996
1998
7997
7998
1998
7999
8000
1999
8001
8002
1999
8003
8004
2000
8005
8006
2000
8007
8008
2001
8009
8010
2001
8011
8012
2002
8013
8014
2002
8015
8016
2003
8017
8018
2003
8019
8020
2004
8021
8022
2004
8023
8024
2005
8025
8026
2005
8027
8028
2006
8029
8030
2006
8031
8032
2007
8033
8034
2007
8035
8036
2008
8037
8038
2008
8039
8040
2009
8041
8042
2009
8043
8044
2010
8045
8046
2010
8047
8048
2011
8049
8050
2011
8051
8052
2012
8053
8054
2012
8055
8056
2013
8057
8058
2013
8059
8060
2014
8061
8062
2014
8063
8064
2015
8065
8066
2015
8067
8068
2016
8069
8070
2016
8071
8072
2017
8073
8074
2017
8075
8076
2018
8077
8078
2018
8079
8080
2019
8081
8082
2019
8083
8084
2020
8085
8086
2020
8087
8088
2021
8089
8090
2021
8091
8092
2022
8093
8094
2022
8095
8096
2023
8097
8098
2023
8099
8100
2024
8101
8102
2024
8103
8104
2025
8105
8106
2025
8107
8108
2026
8109
8110
2026
8111
8112
2027
8113
8114
2027
8115
8116
2028
8117
8118
2028
8119
8120
2029
8121
8122
2029
8123
8124
2030
8125
8126
2030
8127
8128
2031
8129
8130
2031
8131
8132
2032
8133
8134
2032
8135
8136
2033
8137
8138
2033
8139
8140
2034
8141
8142
2034
8143
8144
2035
8145
8146
2035
8147
8148
2036
8149
8150
2036
8151
8152
2037
8153
8154
2037
8155
8156
2038
8157
8158
2038
8159
8160
2039
8161
8162
2039
8163
8164
2040
8165
8166
2040
8167
8168
2041
8169
8170
2041
8171
8172
2042
8173
8174
2042
8175
8176
2043
8177
8178
2043
8179
8180
2044
8181
8182
2044
8183
8184
2045
8185
8186
2045
8187
8188
2046
8189
8190
2046
8191
8192
2047
8193
8194
2047
8195
8196
2048
8197
8198
2048
8199
8200
2049
8201
8202
2049
8203
8204
2050
8205
8206
2050
8207
8208
2051
8209
8210
2051
8211
8212
2052
8213
8214
2052
8215
8216
2053
8217
8218
2053
8219
8220
2054
8221
8222
2054
8223
8224
2055
8225
8226
2055
8227
8228
2056
8229
8230
2056
8231
8232
2057
8233
8234
2057
8235
8236
2058
8237
8238
2058
8239
8240
2059
8241
8242
2059
8243
8244
2060
8245
8246
2060
8247
8248
2061
8249
8250
2061
8251
8252
2062
8253
8254
2062
8255
8256
2063
8257
8258
2063
8259
8260
2064
8261
8262
2064
8263
8264
2065
8265
8266
2065
8267
8268
2066
8269
8270
2066
8271
8272
2067
8273
8274
2067
8275
8276
2068
8277
8278
2068
8279
8280
2069
8281
8282
2069
8283
8284
2070
8285
8286
2070
8287
8288
2071
8289
8290
2071
8291
8292
2072
8293
8294
2072
8295
8296
2073
8297
8298
2073
8299
8300
2074
8301
8302
2074
8303
8304
2075
8305
8306
2075
8307
8308
2076
8309
8310
2076
8311
8312
2077
8313
8314
2077
8315
8316
2078
8317
8318
2078
8319
8320
2079
8321
8322
2079
8323
8324
2080
8325
8326
2080
8327
8328
2081
8329
8330
2081
8331
8332
2082
8333
8334
2082
8335
8336
2083
8337
8338
2083
8339
8340
2084
8341
8342
2084
8343
8344
2085
8345
8346
2085
8347
8348
2086
8349
8350
2086
8351
8352
2087
8353
8354
2087
8355
8356
2088
8357
8358
2088
8359
8360
2089
8361
8362
2089
8363
8364
2090
8365
8366
2090
8367
8368
2091
8369
8370
2091
8371
8372
2092
8373
8374
2092
8375
8376
2093
8377
8378
2093
8379
8380
2094
8381
8382
2094
8383
8384
2095
8385
8386
2095
8387
8388
2096
8389
8390
2096
8391
8392
2097
8393
8394
2097
8395
8396
2098
8397
8398
2098
8399
8400
2099
8401
8402
2099
8403
8404
2100
8405
8406
2100
8407
8408
2101
8409
8410
2101
8411
8412
2102
8413
8414
2102
8415
8416
2103
8417
8418
2103
8419
8420
2104
8421
8422
2104
8423
8424
2105
8425
8426
2105
8427
8428
2106
8429
8430
2106
8431
8432
2107
8433
8434
2107
8435
8436
2108
8437
8438
2108
8439
8440
2109
8441
8442
2109
8443
8444
2110
8445
8446
2110
8447
8448
2111
8449
8450
2111
8451
8452
2112
8453
8454
2112
8455
8456
2113
8457
8458
2113
8459
8460
2114
8461
8462
2114
8463
8464
2115
8465
8466
2115
8467
8468
2116
8469
8470
2116
8471
8472
2117
8473
8474
2117
8475
8476
2118
8477
8478
2118
8479
8480
2119
8481
8482
2119
8483
8484
2120
8485
8486
2120
8487
8488
2121
8489
8490
2121
8491
8492
2122
8493
8494
2122
8495
8496
2123
8497
8498
2123
8499
8500
2124
8501
8502
2124
8503
8504
2125
8505
8506
2125
8507
8508
2126
8509
8510
2126
8511
8512
2127
8513
8514
2127
8515
8516
2128
8517
8518
2128
8519
8520
2129
8521
8522
2129
8523
8524
2130
8525
8526
2130
8527
8528
2131
8529
8530
2131
8531
8532
2132
8533
8534
2132
8535
8536
2133
8537
8538
2133
8539
8540
2134
8541
8542
2134
8543
8544
2135
8545
8546
2135
8547
8548
2136
8549
8550
2136
8551
8552
2137
8553
8554
2137
8555
8556
2138
8557
8558
2138
8559
8560
2139
8561
8562
2139
8563
8564
2140
8565
8566
2140
8567
8568
2141
8569
8570
2141
8571
8572
2142
8573
8574
2142
8575
8576
2143
8577
8578
2143
8579
8580
2144
8581
8582
2144
8583
8584
2145
8585
8586
2145
8587
8588
2146
8589
8590
2146
8591
8592
2147
8593
8594
2147
8595
8596
2148
8597
8598
2148
8599
8600
2149
8601
8602
2149
8603
8604
2150
8605
8606
2150
8607
8608
2151
8609
8610
2151
8611
8612
2152
8613
8614
2152
8615
8616
2153
8617
8618
2153
8619
8620
2154
8621
8622
2154
8623
8624
2155
8625
8626
2155
8627
8628
2156
8629
8630
2156
8631
8632
2157
8633
8634
2157
8635
8636
2158
8637
8638
2158
8639
8640
2159
8641
8642
2159
8643
8644
2160
8645
8646
2160
8647
8648
2161
8649
8650
2161
8651
8652
2162
8653
8654
2162
8655
8656
2163
8657
8658
2163
8659
8660
2164
8661
8662
2164
8663
8664
2165
8665
8666
2165
8667
8668
2166
8669
8670
2166
8671
8672
2167
8673
8674
2167
8675
8676
2168
8677
8678
2168
8679
8680
2169
8681
8682
2169
8683
8684
2170
8685
8686
2170
8687
8688
2171
8689
8690
2171
8691
8692
2172
8693
8694
2172
8695
8696
2173
8697
8698
2173
8699
8700
2174
8701
8702
2174
8703
8704
2175
8705
8706
2175
8707
8708
2176
8709
8710
2176
8711
8712
2177
8713
8714
2177
8715
8716
2178
8717
8718
2178
8719
8720
2179
8721
8722
2179
8723
8724
2180
8725
8726
2180
8727
8728
2181
8729
8730
2181
8731
8732
2182
8733
8734
2182
8735
8736
2183
8737
8738
2183
8739
8740
2184
8741
8742
2184
8743
8744
2185
8745
8746
2185
8747
8748
2186
8749
8750
2186
8751
8752
2187
8753
8754
2187
8755
8756
2188
8757
8758
2188
8759
8760
2189
8761
8762
2189
8763
8764
2190
8765
8766
2190
8767
8768
2191
8769
8770
2191
8771
8772
2192
8773
8774
2192
8775
8776
2193
8777
8778
2193
8779
8780
2194
8781
8782
2194
8783
8784
2195
8785
8786
2195
8787
8788
2196
8789
8790
2196
8791
8792
2197
8793
8794
2197
8795
8796
2198
8797
8798
2198
8799
8800
2199
8801
8802
2199
8803
8804
2200
8805
8806
2200
8807
8808
2201
8809
8810
2201
8811
8812
2202
8813
8814
2202
8815
8816
2203
8817
8818
2203
8819
8820
2204
8821
8822
2204
8823
8824
2205
8825
8826
2205
8827
8828
2206
8829
8830
2206
8831
8832
2207
8833
8834
2207
8835
8836
2208
8837
8838
2208
8839
8840
2209
8841
8842
2209
8843
8844
2210
8845
8846
2210
8847
8848
2211
8849
8850
2211
8851
8852
2212
8853
8854
2212
8855
8856
2213
8857
8858
2213
8859
8860
2214
8861
8862
2214
8863
8864
2215
8865
8866
2215
8867
8868
2216
8869
8870
2216
8871
8872
2217
8873
8874
2217
8875
8876
2218
8877
8878
2218
8879
8880
2219
8881
8882
2219
8883
8884
2220
8885
8886
2220
8887
8888
2221
8889
8890
2221
8891
8892
2222
8893
8894
2222
8895
8896
2223
8897
8898
2223
8899
8900
2224
8901
8902
2224
8903
8904
2225
8905
8906
2225
8907
8908
2226
8909
8910
2226
8911
8912
2227
8913
8914
2227
8915
8916
2228
8917
8918
2228
8919
8920
2229
8921
8922
2229
8923
8924
2230
8925
8926
2230
8927
8928
2231
8929
8930
2231
8931
8932
2232
8933
8934
2232
8935
8936
2233
8937
8938
2233
8939
8940
2234
8941
8942
2234
8943
8944
2235
8945
8946
2235
8947
8948
2236
8949
8950
2236
8951
8952
2237
8953
8954
2237
8955
8956
2238
8957
8958
2238
8959
8960
2239
8961
8962
2239
8963
8964
2240
8965
8966
2240
8967
8968
2241
8969
8970
2241
8971
8972
2242
8973
8974
2242
8975
8976
2243
8977
8978
2243
8979
8980
2244
8981
8982
2244
8983
8984
2245
8985
8986
2245
8987
8988
2246
8989
8990
2246
8991
8992
2247
8993
8994
2247
8995
8996
2248
8997
8998
2248
8999
9000
2249
9001
9002
2249
9003
9004
2250
9005
9006
2250
9007
9008
2251
9009
9010
2251
9011
9012
2252
9013
9014
2252
9015
9016
2253
9017
9018
2253
9019
9020
2254
9021
9022
2254
9023
9024
2255
9025
9026
2255
9027
9028
2256
9029
9030
2256
9031
9032
2257
9033
9034
2257
9035
9036
2258
9037
9038
2258
9039
9040
2259
9041
9042
2259
9043
9044
2260
9045
9046
2260
9047
9048
2261
9049
9050
2261
9051
9052
2262
9053
9054
2262
9055
9056
2263
9057
9058
2263
9059
9060
2264
9061
9062
2264
9063
9064
2265
9065
9066
2265
9067
9068
2266
9069
9070
2266
9071
9072
2267
9073
9074
2267
9075
9076
2268
9077
9078
2268
9079
9080
2269
9081
9082
2269
9083
9084
2270
9085
9086
2270
9087
9088
2271
9089
9090
2271
9091
9092
2272
9093
9094
2272
9095
9096
2273
9097
9098
2273
9099
9100
2274
9101
9102
2274
9103
9104
2275
9105
9106
2275
9107
9108
2276
9109
9110
2276
9111
9112
2277
9113
9114
2277
9115
9116
2278
9117
9118
2278
9119
9120
2279
9121
9122
2279
9123
9124
2280
9125
9126
2280
9127
9128
2281
9129
9130
2281
9131
9132
2282
9133
9134
2282
9135
9136
2283
9137
9138
2283
9139
9140
2284
9141
9142
2284
9143
9144
2285
9145
9146
2285
9147
9148
2286
9149
9150
2286
9151
9152
2287
9153
9154
2287
9155
9156
2288
9157
9158
2288
9159
9160
2289
9161
9162
2289
9163
9164
2290
9165
9166
2290
9167
9168
2291
9169
9170
2291
9171
9172
2292
9173
9174
2292
9175
9176
2293
9177
9178
2293
9179
9180
2294
9181
9182
2294
9183
9184
2295
9185
9186
2295
9187
9188
2296
9189
9190
2296
9191
9192
2297
9193
9194
2297
9195
9196
2298
9197
9198
2298
9199
9200
2299
9201
9202
2299
9203
9204
2300
9205
9206
2300
9207
9208
2301
9209
9210
2301
9211
9212
2302
9213
9214
2302
9215
9216
2303
9217
9218
2303
9219
9220
2304
9221
9222
2304
9223
9224
2305
9225
9226
2305
9227
9228
2306
9229
9230
2306
9231
9232
2307
9233
9234
2307
9235
9236
2308
9237
9238
2308
9239
9240
2309
9241
9242
2309
9243
9244
2310
9245
9246
2310
9247
9248
2311
9249
9250
2311
9251
9252
2312
9253
9254
2312
9255
9256
2313
9257
9258
2313
9259
9260
2314
9261
9262
2314
9263
9264
2315
9265
9266
2315
9267
9268
2316
9269
9270
2316
9271
9272
2317
9273
9274
2317
9275
9276
2318
9277
9278
2318
9279
9280
2319
9281
9282
2319
9283
9284
2320
9285
9286
2320
9287
9288
2321
9289
9290
2321
9291
9292
2322
9293
9294
2322
9295
9296
2323
9297
9298
2323
9299
9300
2324
9301
9302
2324
9303
9304
2325
9305
9306
2325
9307
9308
2326
9309
9310
2326
9311
9312
2327
9313
9314
2327
9315
9316
2328
9317
9318
2328
9319
9320
2329
9321
9322
2329
9323
9324
2330
9325
9326
2330
9327
9328
2331
9329
9330
2331
9331
9332
2332
9333
9334
2332
9335
9336
2333
9337
9338
2333
9339
9340
2334
9341
9342
2334
9343
9344
2335
9345
9346
2335
9347
9348
2336
9349
9350
2336
9351
9352
2337
9353
9354
2337
9355
9356
2338
9357
9358
2338
9359
9360
2339
9361
9362
2339
9363
9364
2340
9365
9366
2340
9367
9368
2341
9369
9370
2341
9371
9372
2342
9373
9374
2342
9375
9376
2343
9377
9378
2343
9379
9380
2344
9381
9382
2344
9383
9384
2345
9385
9386
2345
9387
9388
2346
9389
9390
2346
9391
9392
2347
9393
9394
2347
9395
9396
2348
9397
9398
2348
9399
9400
2349
9401
9402
2349
9403
9404
2350
9405
9406
2350
9407
9408
2351
9409
9410
2351
9411
9412
2352
9413
9414
2352
9415
9416
2353
9417
9418
2353
9419
9420
2354
9421
9422
2354
9423
9424
2355
9425
9426
2355
9427
9428
2356
9429
9430
2356
9431
9432
2357
9433
9434
2357
9435
9436
2358
9437
9438
2358
9439
9440
2359
9441
9442
2359
9443
9444
2360
9445
9446
2360
9447
9448
2361
9449
9450
2361
9451
9452
2362
9453
9454
2362
9455
9456
2363
9457
9458
2363
9459
9460
2364
9461
9462
2364
9463
9464
2365
9465
9466
2365
9467
9468
2366
9469
9470
2366
9471
9472
2367
9473
9474
2367
9475
9476
2368
9477
9478
2368
9479
9480
2369
9481
9482
2369
9483
9484
2370
9485
9486
2370
9487
9488
2371
9489
9490
2371
9491
9492
2372
9493
9494
2372
9495
9496
2373
9497
9498
2373
9499
9500
2374
9501
9502
2374
9503
9504
2375
9505
9506
2375
9507
9508
2376
9509
9510
2376
9511
9512
2377
9513
9514
2377
9515
9516
2378
9517
9518
2378
9519
9520
2379
9521
9522
2379
9523
9524
2380
9525
9526
2380
9527
9528
2381
9529
9530
2381
9531
9532
2382
9533
9534
2382
9535
9536
2383
9537
9538
2383
9539
9540
2384
9541
9542
2384
9543
9544
2385
9545
9546
2385
9547
9548
2386
9549
9550
2386
9551
9552
2387
9553
9554
2387
9555
9556
2388
9557
9558
2388
9559
9560
2389
9561
9562
2389
9563
9564
2390
9565
9566
2390
9567
9568
2391
9569
9570
2391
9571
9572
2392
9573
9574
2392
9575
9576
2393
9577
9578
2393
9579
9580
2394
9581
9582
2394
9583
9584
2395
9585
9586
2395
9587
9588
2396
9589
9590
2396
9591
9592
2397
9593
9594
2397
9595
9596
2398
9597
9598
2398
9599
9600
2399
9601
9602
2399
9603
9604
2400
9605
9606
2400
9607
9608
2401
9609
9610
2401
9611
9612
2402
9613
9614
2402
9615
9616
2403
9617
9618
2403
9619
9620
2404
9621
9622
2404
9623
9624
2405
9625
9626
2405
9627
9628
2406
9629
9630
2406
9631
9632
2407
9633
9634
2407
9635
9636
2408
9637
9638
2408
9639
9640
2409
9641
9642
2409
9643
9644
2410
9645
9646
2410
9647
9648
2411
9649
9650
2411
9651
9652
2412
9653
9654
2412
9655
9656
2413
9657
9658
2413
9659
9660
2414
9661
9662
2414
9663
9664
2415
9665
9666
2415
9667
9668
2416
9669
9670
2416
9671
9672
2417
9673
9674
2417
9675
9676
2418
9677
9678
2418
9679
9680
2419
9681
9682
2419
9683
9684
2420
9685
9686
2420
9687
9688
2421
9689
9690
2421
9691
9692
2422
9693
9694
2422
9695
9696
2423
9697
9698
2423
9699
9700
2424
9701
9702
2424
9703
9704
2425
9705
9706
2425
9707
9708
2426
9709
9710
2426
9711
9712
2427
9713
9714
2427
9715
9716
2428
9717
9718
2428
9719
9720
2429
9721
9722
2429
9723
9724
2430
9725
9726
2430
9727
9728
2431
9729
9730
2431
9731
9732
2432
9733
9734
2432
9735
9736
2433
9737
9738
2433
9739
9740
2434
9741
9742
2434
9743
9744
2435
9745
9746
2435
9747
9748
2436
9749
9750
2436
9751
9752
2437
9753
9754
2437
9755
9756
2438
9757
9758
2438
9759
9760
2439
9761
9762
2439
9763
9764
2440
9765
9766
2440
9767
9768
2441
9769
9770
2441
9771
9772
2442
9773
9774
2442
9775
9776
2443
9777
9778
2443
9779
9780
2444
9781
9782
2444
9783
9784
2445
9785
9786
2445
9787
9788
2446
9789
9790
2446
9791
9792
2447
9793
9794
2447
9795
9796
2448
9797
9798
2448
9799
9800
2449
9801
9802
2449
9803
9804
2450
9805
9806
2450
9807
9808
2451
9809
9810
2451
9811
9812
2452
9813
9814
2452
9815
9816
2453
9817
9818
2453
9819
9820
2454
9821
9822
2454
9823
9824
2455
9825
9826
2455
9827
9828
2456
9829
9830
2456
9831
9832
2457
9833
9834
2457
9835
9836
2458
9837
9838
2458
9839
9840
2459
9841
9842
2459
9843
9844
2460
9845
9846
2460
9847
9848
2461
9849
9850
2461
9851
9852
2462
9853
9854
2462
9855
9856
2463
9857
9858
2463
9859
9860
2464
9861
9862
2464
9863
9864
2465
9865
9866
2465
9867
9868
2466
9869
9870
2466
9871
9872
2467
9873
9874
2467
9875
9876
2468
9877
9878
2468
9879
9880
2469
9881
9882
2469
9883
9884
2470
9885
9886
2470
9887
9888
2471
9889
9890
2471
9891
9892
2472
9893
9894
2472
9895
9896
2473
9897
9898
2473
9899
9900
2474
9901
9902
2474
9903
9904
2475
9905
9906
2475
9907
9908
2476
9909
9910
2476
9911
9912
2477
9913
9914
2477
9915
9916
2478
9917
9918
2478
9919
9920
2479
9921
9922
2479
9923
9924
2480
9925
9926
2480
9927
9928
2481
9929
9930
2481
9931
9932
2482
9933
9934
2482
9935
9936
2483
9937
9938
2483
9939
9940
2484
9941
9942
2484
9943
9944
2485
9945
9946
2485
9947
9948
2486
9949
9950
2486
9951
9952
2487
9953
9954
2487
9955
9956
2488
9957
9958
2488
9959
9960
2489
9961
9962
2489
9963
9964
2490
9965
9966
2490
9967
9968
2491
9969
9970
2491
9971
9972
2492
9973
9974
2492
9975
9976
2493
9977
9978
2493
9979
9980
2494
9981
9982
2494
9983
9984
2495
9985
9986
2495
9987
9988
2496
9989
9990
2496
9991
9992
2497
9993
9994
2497
9995
9996
2498
9997
9998
2498
9999
2499
2499
2500
2500
2501
2501
2502
2502
2503
2503
2504
2504
2505
2505
2506
2506
2507
2507
2508
2508
2509
2509
2510
2510
2511
2511
2512
2512
2513
2513
2514
2514
2515
2515
2516
2516
2517
2517
2518
2518
2519
2519
2520
2520
2521
2521
2522
2522
2523
2523
2524
2524
2525
2525
2526
2526
2527
2527
2528
2528
2529
2529
2530
2530
2531
2531
2532
2532
2533
2533
2534
2534
2535
2535
2536
2536
2537
2537
2538
2538
2539
2539
2540
2540
2541
2541
2542
2542
2543
2543
2544
2544
2545
2545
2546
2546
2547
2547
2548
2548
2549
2549
2550
2550
2551
2551
2552
2552
2553
2553
2554
2554
2555
2555
2556
2556
2557
2557
2558
2558
2559
2559
2560
2560
2561
2561
2562
2562
2563
2563
2564
2564
2565
2565
2566
2566
2567
2567
2568
2568
2569
2569
2570
2570
2571
2571
2572
2572
2573
2573
2574
2574
2575
2575
2576
2576
2577
2577
2578
2578
2579
2579
2580
2580
2581
2581
2582
2582
2583
2583
2584
2584
2585
2585
2586
2586
2587
2587
2588
2588
2589
2589
2590
2590
2591
2591
2592
2592
2593
2593
2594
2594
2595
2595
2596
2596
2597
2597
2598
2598
2599
2599
2600
2600
2601
2601
2602
2602
2603
2603
2604
2604
2605
2605
2606
2606
2607
2607
2608
2608
2609
2609
2610
2610
2611
2611
2612
2612
2613
2613
2614
2614
2615
2615
2616
2616
2617
2617
2618
2618
2619
2619
2620
2620
2621
2621
2622
2622
2623
2623
2624
2624
2625
2625
2626
2626
2627
2627
2628
2628
2629
2629
2630
2630
2631
2631
2632
2632
2633
2633
2634
2634
2635
2635
2636
2636
2637
2637
2638
2638
2639
2639
2640
2640
2641
2641
2642
2642
2643
2643
2644
2644
2645
2645
2646
2646
2647
2647
2648
2648
2649
2649
2650
2650
2651
2651
2652
2652
2653
2653
2654
2654
2655
2655
2656
2656
2657
2657
2658
2658
2659
2659
2660
2660
2661
2661
2662
2662
2663
2663
2664
2664
2665
2665
2666
2666
2667
2667
2668
2668
2669
2669
2670
2670
2671
2671
2672
2672
2673
2673
2674
2674
2675
2675
2676
2676
2677
2677
2678
2678
2679
2679
2680
2680
2681
2681
2682
2682
2683
2683
2684
2684
2685
2685
2686
2686
2687
2687
2688
2688
2689
2689
2690
2690
2691
2691
2692
2692
2693
2693
2694
2694
2695
2695
2696
2696
2697
2697
2698
2698
2699
2699
2700
2700
2701
2701
2702
2702
2703
2703
2704
2704
2705
2705
2706
2706
2707
2707
2708
2708
2709
2709
2710
2710
2711
2711
2712
2712
2713
2713
2714
2714
2715
2715
2716
2716
2717
2717
2718
2718
2719
2719
2720
2720
2721
2721
2722
2722
2723
2723
2724
2724
2725
2725
2726
2726
2727
2727
2728
2728
2729
2729
2730
2730
2731
2731
2732
2732
2733
2733
2734
2734
2735
2735
2736
2736
2737
2737
2738
2738
2739
2739
2740
2740
2741
2741
2742
2742
2743
2743
2744
2744
2745
2745
2746
2746
2747
2747
2748
2748
2749
2749
2750
2750
2751
2751
2752
2752
2753
2753
2754
2754
2755
2755
2756
2756
2757
2757
2758
2758
2759
2759
2760
2760
2761
2761
2762
2762
2763
2763
2764
2764
2765
2765
2766
2766
2767
2767
2768
2768
2769
2769
2770
2770
2771
2771
2772
2772
2773
2773
2774
2774
2775
2775
2776
2776
2777
2777
2778
2778
2779
2779
2780
2780
2781
2781
2782
2782
2783
2783
2784
2784
2785
2785
2786
2786
2787
2787
2788
2788
2789
2789
2790
2790
2791
2791
2792
2792
2793
2793
2794
2794
2795
2795
2796
2796
2797
2797
2798
2798
2799
2799
2800
2800
2801
2801
2802
2802
2803
2803
2804
2804
2805
2805
2806
2806
2807
2807
2808
2808
2809
2809
2810
2810
2811
2811
2812
2812
2813
2813
2814
2814
2815
2815
2816
2816
2817
2817
2818
2818
2819
2819
2820
2820
2821
2821
2822
2822
2823
2823
2824
2824
2825
2825
2826
2826
2827
2827
2828
2828
2829
2829
2830
2830
2831
2831
2832
2832
2833
2833
2834
2834
2835
2835
2836
2836
2837
2837
2838
2838
2839
2839
2840
2840
2841
2841
2842
2842
2843
2843
2844
2844
2845
2845
2846
2846
2847
2847
2848
2848
2849
2849
2850
2850
2851
2851
2852
2852
2853
2853
2854
2854
2855
2855
2856
2856
2857
2857
2858
2858
2859
2859
2860
2860
2861
2861
2862
2862
2863
2863
2864
2864
2865
2865
2866
2866
2867
2867
2868
2868
2869
2869
2870
2870
2871
2871
2872
2872
2873
2873
2874
2874
2875
2875
2876
2876
2877
2877
2878
2878
2879
2879
2880
2880
2881
2881
2882
2882
2883
2883
2884
2884
2885
2885
2886
2886
2887
2887
2888
2888
2889
2889
2890
2890
2891
2891
2892
2892
2893
2893
2894
2894
2895
2895
2896
2896
2897
2897
2898
2898
2899
2899
2900
2900
2901
2901
2902
2902
2903
2903
2904
2904
2905
2905
2906
2906
2907
2907
2908
2908
2909
2909
2910
2910
2911
2911
2912
2912
2913
2913
2914
2914
2915
2915
2916
2916
2917
2917
2918
2918
2919
2919
2920
2920
2921
2921
2922
2922
2923
2923
2924
2924
2925
2925
2926
2926
2927
2927
2928
2928
2929
2929
2930
2930
2931
2931
2932
2932
2933
2933
2934
2934
2935
2935
2936
2936
2937
2937
2938
2938
2939
2939
2940
2940
2941
2941
2942
2942
2943
2943
2944
2944
2945
2945
2946
2946
2947
2947
2948
2948
2949
2949
2950
2950
2951
2951
2952
2952
2953
2953
2954
2954
2955
2955
2956
2956
2957
2957
2958
2958
2959
2959
2960
2960
2961
2961
2962
2962
2963
2963
2964
2964
2965
2965
2966
2966
2967
2967
2968
2968
2969
2969
2970
2970
2971
2971
2972
2972
2973
2973
2974
2974
2975
2975
2976
2976
2977
2977
2978
2978
2979
2979
2980
2980
2981
2981
2982
2982
2983
2983
2984
2984
2985
2985
2986
2986
2987
2987
2988
2988
2989
2989
2990
2990
2991
2991
2992
2992
2993
2993
2994
2994
2995
2995
2996
2996
2997
2997
2998
2998
2999
2999
3000
3000
3001
3001
3002
3002
3003
3003
3004
3004
3005
3005
3006
3006
3007
3007
3008
3008
3009
3009
3010
3010
3011
3011
3012
3012
3013
3013
3014
3014
3015
3015
3016
3016
3017
3017
3018
3018
3019
3019
3020
3020
3021
3021
3022
3022
3023
3023
3024
3024
3025
3025
3026
3026
3027
3027
3028
3028
3029
3029
3030
3030
3031
3031
3032
3032
3033
3033
3034
3034
3035
3035
3036
3036
3037
3037
3038
3038
3039
3039
3040
3040
3041
3041
3042
3042
3043
3043
3044
3044
3045
3045
3046
3046
3047
3047
3048
3048
3049
3049
3050
3050
3051
3051
3052
3052
3053
3053
3054
3054
3055
3055
3056
3056
3057
3057
3058
3058
3059
3059
3060
3060
3061
3061
3062
3062
3063
3063
3064
3064
3065
3065
3066
3066
3067
3067
3068
3068
3069
3069
3070
3070
3071
3071
3072
3072
3073
3073
3074
3074
3075
3075
3076
3076
3077
3077
3078
3078
3079
3079
3080
3080
3081
3081
3082
3082
3083
3083
3084
3084
3085
3085
3086
3086
3087
3087
3088
3088
3089
3089
3090
3090
3091
3091
3092
3092
3093
3093
3094
3094
3095
3095
3096
3096
3097
3097
3098
3098
3099
3099
3100
3100
3101
3101
3102
3102
3103
3103
3104
3104
3105
3105
3106
3106
3107
3107
3108
3108
3109
3109
3110
3110
3111
3111
3112
3112
3113
3113
3114
3114
3115
3115
3116
3116
3117
3117
3118
3118
3119
3119
3120
3120
3121
3121
3122
3122
3123
3123
3124
3124
3125
3125
3126
3126
3127
3127
3128
3128
3129
3129
3130
3130
3131
3131
3132
3132
3133
3133
3134
3134
3135
3135
3136
3136
3137
3137
3138
3138
3139
3139
3140
3140
3141
3141
3142
3142
3143
3143
3144
3144
3145
3145
3146
3146
3147
3147
3148
3148
3149
3149
3150
3150
3151
3151
3152
3152
3153
3153
3154
3154
3155
3155
3156
3156
3157
3157
3158
3158
3159
3159
3160
3160
3161
3161
3162
3162
3163
3163
3164
3164
3165
3165
3166
3166
3167
3167
3168
3168
3169
3169
3170
3170
3171
3171
3172
3172
3173
3173
3174
3174
3175
3175
3176
3176
3177
3177
3178
3178
3179
3179
3180
3180
3181
3181
3182
3182
3183
3183
3184
3184
3185
3185
3186
3186
3187
3187
3188
3188
3189
3189
3190
3190
3191
3191
3192
3192
3193
3193
3194
3194
3195
3195
3196
3196
3197
3197
3198
3198
3199
3199
3200
3200
3201
3201
3202
3202
3203
3203
3204
3204
3205
3205
3206
3206
3207
3207
3208
3208
3209
3209
3210
3210
3211
3211
3212
3212
3213
3213
3214
3214
3215
3215
3216
3216
3217
3217
3218
3218
3219
3219
3220
3220
3221
3221
3222
3222
3223
3223
3224
3224
3225
3225
3226
3226
3227
3227
3228
3228
3229
3229
3230
3230
3231
3231
3232
3232
3233
3233
3234
3234
3235
3235
3236
3236
3237
3237
3238
3238
3239
3239
3240
3240
3241
3241
3242
3242
3243
3243
3244
3244
3245
3245
3246
3246
3247
3247
3248
3248
3249
3249
3250
3250
3251
3251
3252
3252
3253
3253
3254
3254
3255
3255
3256
3256
3257
3257
3258
3258
3259
3259
3260
3260
3261
3261
3262
3262
3263
3263
3264
3264
3265
3265
3266
3266
3267
3267
3268
3268
3269
3269
3270
3270
3271
3271
3272
3272
3273
3273
3274
3274
3275
3275
3276
3276
3277
3277
3278
3278
3279
3279
3280
3280
3281
3281
3282
3282
3283
3283
3284
3284
3285
3285
3286
3286
3287
3287
3288
3288
3289
3289
3290
3290
3291
3291
3292
3292
3293
3293
3294
3294
3295
3295
3296
3296
3297
3297
3298
3298
3299
3299
3300
3300
3301
3301
3302
3302
3303
3303
3304
3304
3305
3305
3306
3306
3307
3307
3308
3308
3309
3309
3310
3310
3311
3311
3312
3312
3313
3313
3314
3314
3315
3315
3316
3316
3317
3317
3318
3318
3319
3319
3320
3320
3321
3321
3322
3322
3323
3323
3324
3324
3325
3325
3326
3326
3327
3327
3328
3328
3329
3329
3330
3330
3331
3331
3332
3332
3333
3333
3334
3334
3335
3335
3336
3336
3337
3337
3338
3338
3339
3339
3340
3340
3341
3341
3342
3342
3343
3343
3344
3344
3345
3345
3346
3346
3347
3347
3348
3348
3349
3349
3350
3350
3351
3351
3352
3352
3353
3353
3354
3354
3355
3355
3356
3356
3357
3357
3358
3358
3359
3359
3360
3360
3361
3361
3362
3362
3363
3363
3364
3364
3365
3365
3366
3366
3367
3367
3368
3368
3369
3369
3370
3370
3371
3371
3372
3372
3373
3373
3374
3374
3375
3375
3376
3376
3377
3377
3378
3378
3379
3379
3380
3380
3381
3381
3382
3382
3383
3383
3384
3384
3385
3385
3386
3386
3387
3387
3388
3388
3389
3389
3390
3390
3391
3391
3392
3392
3393
3393
3394
3394
3395
3395
3396
3396
3397
3397
3398
3398
3399
3399
3400
3400
3401
3401
3402
3402
3403
3403
3404
3404
3405
3405
3406
3406
3407
3407
3408
3408
3409
3409
3410
3410
3411
3411
3412
3412
3413
3413
3414
3414
3415
3415
3416
3416
3417
3417
3418
3418
3419
3419
3420
3420
3421
3421
3422
3422
3423
3423
3424
3424
3425
3425
3426
3426
3427
3427
3428
3428
3429
3429
3430
3430
3431
3431
3432
3432
3433
3433
3434
3434
3435
3435
3436
3436
3437
3437
3438
3438
3439
3439
3440
3440
3441
3441
3442
3442
3443
3443
3444
3444
3445
3445
3446
3446
3447
3447
3448
3448
3449
3449
3450
3450
3451
3451
3452
3452
3453
3453
3454
3454
3455
3455
3456
3456
3457
3457
3458
3458
3459
3459
3460
3460
3461
3461
3462
3462
3463
3463
3464
3464
3465
3465
3466
3466
3467
3467
3468
3468
3469
3469
3470
3470
3471
3471
3472
3472
3473
3473
3474
3474
3475
3475
3476
3476
3477
3477
3478
3478
3479
3479
3480
3480
3481
3481
3482
3482
3483
3483
3484
3484
3485
3485
3486
3486
3487
3487
3488
3488
3489
3489
3490
3490
3491
3491
3492
3492
3493
3493
3494
3494
3495
3495
3496
3496
3497
3497
3498
3498
3499
3499
3500
3500
3501
3501
3502
3502
3503
3503
3504
3504
3505
3505
3506
3506
3507
3507
3508
3508
3509
3509
3510
3510
3511
3511
3512
3512
3513
3513
3514
3514
3515
3515
3516
3516
3517
3517
3518
3518
3519
3519
3520
3520
3521
3521
3522
3522
3523
3523
3524
3524
3525
3525
3526
3526
3527
3527
3528
3528
3529
3529
3530
3530
3531
3531
3532
3532
3533
3533
3534
3534
3535
3535
3536
3536
3537
3537
3538
3538
3539
3539
3540
3540
3541
3541
3542
3542
3543
3543
3544
3544
3545
3545
3546
3546
3547
3547
3548
3548
3549
3549
3550
3550
3551
3551
3552
3552
3553
3553
3554
3554
3555
3555
3556
3556
3557
3557
3558
3558
3559
3559
3560
3560
3561
3561
3562
3562
3563
3563
3564
3564
3565
3565
3566
3566
3567
3567
3568
3568
3569
3569
3570
3570
3571
3571
3572
3572
3573
3573
3574
3574
3575
3575
3576
3576
3577
3577
3578
3578
3579
3579
3580
3580
3581
3581
3582
3582
3583
3583
3584
3584
3585
3585
3586
3586
3587
3587
3588
3588
3589
3589
3590
3590
3591
3591
3592
3592
3593
3593
3594
3594
3595
3595
3596
3596
3597
3597
3598
3598
3599
3599
3600
3600
3601
3601
3602
3602
3603
3603
3604
3604
3605
3605
3606
3606
3607
3607
3608
3608
3609
3609
3610
3610
3611
3611
3612
3612
3613
3613
3614
3614
3615
3615
3616
3616
3617
3617
3618
3618
3619
3619
3620
3620
3621
3621
3622
3622
3623
3623
3624
3624
3625
3625
3626
3626
3627
3627
3628
3628
3629
3629
3630
3630
3631
3631
3632
3632
3633
3633
3634
3634
3635
3635
3636
3636
3637
3637
3638
3638
3639
3639
3640
3640
3641
3641
3642
3642
3643
3643
3644
3644
3645
3645
3646
3646
3647
3647
3648
3648
3649
3649
3650
3650
3651
3651
3652
3652
3653
3653
3654
3654
3655
3655
3656
3656
3657
3657
3658
3658
3659
3659
3660
3660
3661
3661
3662
3662
3663
3663
3664
3664
3665
3665
3666
3666
3667
3667
3668
3668
3669
3669
3670
3670
3671
3671
3672
3672
3673
3673
3674
3674
3675
3675
3676
3676
3677
3677
3678
3678
3679
3679
3680
3680
3681
3681
3682
3682
3683
3683
3684
3684
3685
3685
3686
3686
3687
3687
3688
3688
3689
3689
3690
3690
3691
3691
3692
3692
3693
3693
3694
3694
3695
3695
3696
3696
3697
3697
3698
3698
3699
3699
3700
3700
3701
3701
3702
3702
3703
3703
3704
3704
3705
3705
3706
3706
3707
3707
3708
3708
3709
3709
3710
3710
3711
3711
3712
3712
3713
3713
3714
3714
3715
3715
3716
3716
3717
3717
3718
3718
3719
3719
3720
3720
3721
3721
3722
3722
3723
3723
3724
3724
3725
3725
3726
3726
3727
3727
3728
3728
3729
3729
3730
3730
3731
3731
3732
3732
3733
3733
3734
3734
3735
3735
3736
3736
3737
3737
3738
3738
3739
3739
3740
3740
3741
3741
3742
3742
3743
3743
3744
3744
3745
3745
3746
3746
3747
3747
3748
3748
3749
3749
3750
3750
3751
3751
3752
3752
3753
3753
3754
3754
3755
3755
3756
3756
3757
3757
3758
3758
3759
3759
3760
3760
3761
3761
3762
3762
3763
3763
3764
3764
3765
3765
3766
3766
3767
3767
3768
3768
3769
3769
3770
3770
3771
3771
3772
3772
3773
3773
3774
3774
3775
3775
3776
3776
3777
3777
3778
3778
3779
3779
3780
3780
3781
3781
3782
3782
3783
3783
3784
3784
3785
3785
3786
3786
3787
3787
3788
3788
3789
3789
3790
3790
3791
3791
3792
3792
3793
3793
3794
3794
3795
3795
3796
3796
3797
3797
3798
3798
3799
3799
3800
3800
3801
3801
3802
3802
3803
3803
3804
3804
3805
3805
3806
3806
3807
3807
3808
3808
3809
3809
3810
3810
3811
3811
3812
3812
3813
3813
3814
3814
3815
3815
3816
3816
3817
3817
3818
3818
3819
3819
3820
3820
3821
3821
3822
3822
3823
3823
3824
3824
3825
3825
3826
3826
3827
3827
3828
3828
3829
3829
3830
3830
3831
3831
3832
3832
3833
3833
3834
3834
3835
3835
3836
3836
3837
3837
3838
3838
3839
3839
3840
3840
3841
3841
3842
3842
3843
3843
3844
3844
3845
3845
3846
3846
3847
3847
3848
3848
3849
3849
3850
3850
3851
3851
3852
3852
3853
3853
3854
3854
3855
3855
3856
3856
3857
3857
3858
3858
3859
3859
3860
3860
3861
3861
3862
3862
3863
3863
3864
3864
3865
3865
3866
3866
3867
3867
3868
3868
3869
3869
3870
3870
3871
3871
3872
3872
3873
3873
3874
3874
3875
3875
3876
3876
3877
3877
3878
3878
3879
3879
3880
3880
3881
3881
3882
3882
3883
3883
3884
3884
3885
3885
3886
3886
3887
3887
3888
3888
3889
3889
3890
3890
3891
3891
3892
3892
3893
3893
3894
3894
3895
3895
3896
3896
3897
3897
3898
3898
3899
3899
3900
3900
3901
3901
3902
3902
3903
3903
3904
3904
3905
3905
3906
3906
3907
3907
3908
3908
3909
3909
3910
3910
3911
3911
3912
3912
3913
3913
3914
3914
3915
3915
3916
3916
3917
3917
3918
3918
3919
3919
3920
3920
3921
3921
3922
3922
3923
3923
3924
3924
3925
3925
3926
3926
3927
3927
3928
3928
3929
3929
3930
3930
3931
3931
3932
3932
3933
3933
3934
3934
3935
3935
3936
3936
3937
3937
3938
3938
3939
3939
3940
3940
3941
3941
3942
3942
3943
3943
3944
3944
3945
3945
3946
3946
3947
3947
3948
3948
3949
3949
3950
3950
3951
3951
3952
3952
3953
3953
3954
3954
3955
3955
3956
3956
3957
3957
3958
3958
3959
3959
3960
3960
3961
3961
3962
3962
3963
3963
3964
3964
3965
3965
3966
3966
3967
3967
3968
3968
3969
3969
3970
3970
3971
3971
3972
3972
3973
3973
3974
3974
3975
3975
3976
3976
3977
3977
3978
3978
3979
3979
3980
3980
3981
3981
3982
3982
3983
3983
3984
3984
3985
3985
3986
3986
3987
3987
3988
3988
3989
3989
3990
3990
3991
3991
3992
3992
3993
3993
3994
3994
3995
3995
3996
3996
3997
3997
3998
3998
3999
3999
4000
4000
4001
4001
4002
4002
4003
4003
4004
4004
4005
4005
4006
4006
4007
4007
4008
4008
4009
4009
4010
4010
4011
4011
4012
4012
4013
4013
4014
4014
4015
4015
4016
4016
4017
4017
4018
4018
4019
4019
4020
4020
4021
4021
4022
4022
4023
4023
4024
4024
4025
4025
4026
4026
4027
4027
4028
4028
4029
4029
4030
4030
4031
4031
4032
4032
4033
4033
4034
4034
4035
4035
4036
4036
4037
4037
4038
4038
4039
4039
4040
4040
4041
4041
4042
4042
4043
4043
4044
4044
4045
4045
4046
4046
4047
4047
4048
4048
4049
4049
4050
4050
4051
4051
4052
4052
4053
4053
4054
4054
4055
4055
4056
4056
4057
4057
4058
4058
4059
4059
4060
4060
4061
4061
4062
4062
4063
4063
4064
4064
4065
4065
4066
4066
4067
4067
4068
4068
4069
4069
4070
4070
4071
4071
4072
4072
4073
4073
4074
4074
4075
4075
4076
4076
4077
4077
4078
4078
4079
4079
4080
4080
4081
4081
4082
4082
4083
4083
4084
4084
4085
4085
4086
4086
4087
4087
4088
4088
4089
4089
4090
4090
4091
4091
4092
4092
4093
4093
4094
4094
4095
4095
4096
4096
4097
4097
4098
4098
4099
4099
4100
4100
4101
4101
4102
4102
4103
4103
4104
4104
4105
4105
4106
4106
4107
4107
4108
4108
4109
4109
4110
4110
4111
4111
4112
4112
4113
4113
4114
4114
4115
4115
4116
4116
4117
4117
4118
4118
4119
4119
4120
4120
4121
4121
4122
4122
4123
4123
4124
4124
4125
4125
4126
4126
4127
4127
4128
4128
4129
4129
4130
4130
4131
4131
4132
4132
4133
4133
4134
4134
4135
4135
4136
4136
4137
4137
4138
4138
4139
4139
4140
4140
4141
4141
4142
4142
4143
4143
4144
4144
4145
4145
4146
4146
4147
4147
4148
4148
4149
4149
4150
4150
4151
4151
4152
4152
4153
4153
4154
4154
4155
4155
4156
4156
4157
4157
4158
4158
4159
4159
4160
4160
4161
4161
4162
4162
4163
4163
4164
4164
4165
4165
4166
4166
4167
4167
4168
4168
4169
4169
4170
4170
4171
4171
4172
4172
4173
4173
4174
4174
4175
4175
4176
4176
4177
4177
4178
4178
4179
4179
4180
4180
4181
4181
4182
4182
4183
4183
4184
4184
4185
4185
4186
4186
4187
4187
4188
4188
4189
4189
4190
4190
4191
4191
4192
4192
4193
4193
4194
4194
4195
4195
4196
4196
4197
4197
4198
4198
4199
4199
4200
4200
4201
4201
4202
4202
4203
4203
4204
4204
4205
4205
4206
4206
4207
4207
4208
4208
4209
4209
4210
4210
4211
4211
4212
4212
4213
4213
4214
4214
4215
4215
4216
4216
4217
4217
4218
4218
4219
4219
4220
4220
4221
4221
4222
4222
4223
4223
4224
4224
4225
4225
4226
4226
4227
4227
4228
4228
4229
4229
4230
4230
4231
4231
4232
4232
4233
4233
4234
4234
4235
4235
4236
4236
4237
4237
4238
4238
4239
4239
4240
4240
4241
4241
4242
4242
4243
4243
4244
4244
4245
4245
4246
4246
4247
4247
4248
4248
4249
4249
4250
4250
4251
4251
4252
4252
4253
4253
4254
4254
4255
4255
4256
4256
4257
4257
4258
4258
4259
4259
4260
4260
4261
4261
4262
4262
4263
4263
4264
4264
4265
4265
4266
4266
4267
4267
4268
4268
4269
4269
4270
4270
4271
4271
4272
4272
4273
4273
4274
4274
4275
4275
4276
4276
4277
4277
4278
4278
4279
4279
4280
4280
4281
4281
4282
4282
4283
4283
4284
4284
4285
4285
4286
4286
4287
4287
4288
4288
4289
4289
4290
4290
4291
4291
4292
4292
4293
4293
4294
4294
4295
4295
4296
4296
4297
4297
4298
4298
4299
4299
4300
4300
4301
4301
4302
4302
4303
4303
4304
4304
4305
4305
4306
4306
4307
4307
4308
4308
4309
4309
4310
4310
4311
4311
4312
4312
4313
4313
4314
4314
4315
4315
4316
4316
4317
4317
4318
4318
4319
4319
4320
4320
4321
4321
4322
4322
4323
4323
4324
4324
4325
4325
4326
4326
4327
4327
4328
4328
4329
4329
4330
4330
4331
4331
4332
4332
4333
4333
4334
4334
4335
4335
4336
4336
4337
4337
4338
4338
4339
4339
4340
4340
4341
4341
4342
4342
4343
4343
4344
4344
4345
4345
4346
4346
4347
4347
4348
4348
4349
4349
4350
4350
4351
4351
4352
4352
4353
4353
4354
4354
4355
4355
4356
4356
4357
4357
4358
4358
4359
4359
4360
4360
4361
4361
4362
4362
4363
4363
4364
4364
4365
4365
4366
4366
4367
4367
4368
4368
4369
4369
4370
4370
4371
4371
4372
4372
4373
4373
4374
4374
4375
4375
4376
4376
4377
4377
4378
4378
4379
4379
4380
4380
4381
4381
4382
4382
4383
4383
4384
4384
4385
4385
4386
4386
4387
4387
4388
4388
4389
4389
4390
4390
4391
4391
4392
4392
4393
4393
4394
4394
4395
4395
4396
4396
4397
4397
4398
4398
4399
4399
4400
4400
4401
4401
4402
4402
4403
4403
4404
4404
4405
4405
4406
4406
4407
4407
4408
4408
4409
4409
4410
4410
4411
4411
4412
4412
4413
4413
4414
4414
4415
4415
4416
4416
4417
4417
4418
4418
4419
4419
4420
4420
4421
4421
4422
4422
4423
4423
4424
4424
4425
4425
4426
4426
4427
4427
4428
4428
4429
4429
4430
4430
4431
4431
4432
4432
4433
4433
4434
4434
4435
4435
4436
4436
4437
4437
4438
4438
4439
4439
4440
4440
4441
4441
4442
4442
4443
4443
4444
4444
4445
4445
4446
4446
4447
4447
4448
4448
4449
4449
4450
4450
4451
4451
4452
4452
4453
4453
4454
4454
4455
4455
4456
4456
4457
4457
4458
4458
4459
4459
4460
4460
4461
4461
4462
4462
4463
4463
4464
4464
4465
4465
4466
4466
4467
4467
4468
4468
4469
4469
4470
4470
4471
4471
4472
4472
4473
4473
4474
4474
4475
4475
4476
4476
4477
4477
4478
4478
4479
4479
4480
4480
4481
4481
4482
4482
4483
4483
4484
4484
4485
4485
4486
4486
4487
4487
4488
4488
4489
4489
4490
4490
4491
4491
4492
4492
4493
4493
4494
4494
4495
4495
4496
4496
4497
4497
4498
4498
4499
4499
4500
4500
4501
4501
4502
4502
4503
4503
4504
4504
4505
4505
4506
4506
4507
4507
4508
4508
4509
4509
4510
4510
4511
4511
4512
4512
4513
4513
4514
4514
4515
4515
4516
4516
4517
4517
4518
4518
4519
4519
4520
4520
4521
4521
4522
4522
4523
4523
4524
4524
4525
4525
4526
4526
4527
4527
4528
4528
4529
4529
4530
4530
4531
4531
4532
4532
4533
4533
4534
4534
4535
4535
4536
4536
4537
4537
4538
4538
4539
4539
4540
4540
4541
4541
4542
4542
4543
4543
4544
4544
4545
4545
4546
4546
4547
4547
4548
4548
4549
4549
4550
4550
4551
4551
4552
4552
4553
4553
4554
4554
4555
4555
4556
4556
4557
4557
4558
4558
4559
4559
4560
4560
4561
4561
4562
4562
4563
4563
4564
4564
4565
4565
4566
4566
4567
4567
4568
4568
4569
4569
4570
4570
4571
4571
4572
4572
4573
4573
4574
4574
4575
4575
4576
4576
4577
4577
4578
4578
4579
4579
4580
4580
4581
4581
4582
4582
4583
4583
4584
4584
4585
4585
4586
4586
4587
4587
4588
4588
4589
4589
4590
4590
4591
4591
4592
4592
4593
4593
4594
4594
4595
4595
4596
4596
4597
4597
4598
4598
4599
4599
4600
4600
4601
4601
4602
4602
4603
4603
4604
4604
4605
4605
4606
4606
4607
4607
4608
4608
4609
4609
4610
4610
4611
4611
4612
4612
4613
4613
4614
4614
4615
4615
4616
4616
4617
4617
4618
4618
4619
4619
4620
4620
4621
4621
4622
4622
4623
4623
4624
4624
4625
4625
4626
4626
4627
4627
4628
4628
4629
4629
4630
4630
4631
4631
4632
4632
4633
4633
4634
4634
4635
4635
4636
4636
4637
4637
4638
4638
4639
4639
4640
4640
4641
4641
4642
4642
4643
4643
4644
4644
4645
4645
4646
4646
4647
4647
4648
4648
4649
4649
4650
4650
4651
4651
4652
4652
4653
4653
4654
4654
4655
4655
4656
4656
4657
4657
4658
4658
4659
4659
4660
4660
4661
4661
4662
4662
4663
4663
4664
4664
4665
4665
4666
4666
4667
4667
4668
4668
4669
4669
4670
4670
4671
4671
4672
4672
4673
4673
4674
4674
4675
4675
4676
4676
4677
4677
4678
4678
4679
4679
4680
4680
4681
4681
4682
4682
4683
4683
4684
4684
4685
4685
4686
4686
4687
4687
4688
4688
4689
4689
4690
4690
4691
4691
4692
4692
4693
4693
4694
4694
4695
4695
4696
4696
4697
4697
4698
4698
4699
4699
4700
4700
4701
4701
4702
4702
4703
4703
4704
4704
4705
4705
4706
4706
4707
4707
4708
4708
4709
4709
4710
4710
4711
4711
4712
4712
4713
4713
4714
4714
4715
4715
4716
4716
4717
4717
4718
4718
4719
4719
4720
4720
4721
4721
4722
4722
4723
4723
4724
4724
4725
4725
4726
4726
4727
4727
4728
4728
4729
4729
4730
4730
4731
4731
4732
4732
4733
4733
4734
4734
4735
4735
4736
4736
4737
4737
4738
4738
4739
4739
4740
4740
4741
4741
4742
4742
4743
4743
4744
4744
4745
4745
4746
4746
4747
4747
4748
4748
4749
4749
4750
4750
4751
4751
4752
4752
4753
4753
4754
4754
4755
4755
4756
4756
4757
4757
4758
4758
4759
4759
4760
4760
4761
4761
4762
4762
4763
4763
4764
4764
4765
4765
4766
4766
4767
4767
4768
4768
4769
4769
4770
4770
4771
4771
4772
4772
4773
4773
4774
4774
4775
4775
4776
4776
4777
4777
4778
4778
4779
4779
4780
4780
4781
4781
4782
4782
4783
4783
4784
4784
4785
4785
4786
4786
4787
4787
4788
4788
4789
4789
4790
4790
4791
4791
4792
4792
4793
4793
4794
4794
4795
4795
4796
4796
4797
4797
4798
4798
4799
4799
4800
4800
4801
4801
4802
4802
4803
4803
4804
4804
4805
4805
4806
4806
4807
4807
4808
4808
4809
4809
4810
4810
4811
4811
4812
4812
4813
4813
4814
4814
4815
4815
4816
4816
4817
4817
4818
4818
4819
4819
4820
4820
4821
4821
4822
4822
4823
4823
4824
4824
4825
4825
4826
4826
4827
4827
4828
4828
4829
4829
4830
4830
4831
4831
4832
4832
4833
4833
4834
4834
4835
4835
4836
4836
4837
4837
4838
4838
4839
4839
4840
4840
4841
4841
4842
4842
4843
4843
4844
4844
4845
4845
4846
4846
4847
4847
4848
4848
4849
4849
4850
4850
4851
4851
4852
4852
4853
4853
4854
4854
4855
4855
4856
4856
4857
4857
4858
4858
4859
4859
4860
4860
4861
4861
4862
4862
4863
4863
4864
4864
4865
4865
4866
4866
4867
4867
4868
4868
4869
4869
4870
4870
4871
4871
4872
4872
4873
4873
4874
4874
4875
4875
4876
4876
4877
4877
4878
4878
4879
4879
4880
4880
4881
4881
4882
4882
4883
4883
4884
4884
4885
4885
4886
4886
4887
4887
4888
4888
4889
4889
4890
4890
4891
4891
4892
4892
4893
4893
4894
4894
4895
4895
4896
4896
4897
4897
4898
4898
4899
4899
4900
4900
4901
4901
4902
4902
4903
4903
4904
4904
4905
4905
4906
4906
4907
4907
4908
4908
4909
4909
4910
4910
4911
4911
4912
4912
4913
4913
4914
4914
4915
4915
4916
4916
4917
4917
4918
4918
4919
4919
4920
4920
4921
4921
4922
4922
4923
4923
4924
4924
4925
4925
4926
4926
4927
4927
4928
4928
4929
4929
4930
4930
4931
4931
4932
4932
4933
4933
4934
4934
4935
4935
4936
4936
4937
4937
4938
4938
4939
4939
4940
4940
4941
4941
4942
4942
4943
4943
4944
4944
4945
4945
4946
4946
4947
4947
4948
4948
4949
4949
4950
4950
4951
4951
4952
4952
4953
4953
4954
4954
4955
4955
4956
4956
4957
4957
4958
4958
4959
4959
4960
4960
4961
4961
4962
4962
4963
4963
4964
4964
4965
4965
4966
4966
4967
4967
4968
4968
4969
4969
4970
4970
4971
4971
4972
4972
4973
4973
4974
4974
4975
4975
4976
4976
4977
4977
4978
4978
4979
4979
4980
4980
4981
4981
4982
4982
4983
4983
4984
4984
4985
4985
4986
4986
4987
4987
4988
4988
4989
4989
4990
4990
4991
4991
4992
4992
4993
4993
4994
4994
4995
4995
4996
4996
4997
4997
4998
4998
4999